         0          1   0.296598   0.457502
      0.01   0.883559   0.601892   0.716021
      0.02   0.883559   0.610809   0.722293
      0.03   0.883559   0.614104   0.724592
      0.04   0.883559   0.621663   0.729827
      0.05   0.883559   0.625464    0.73244
      0.06   0.883559   0.632811   0.737453
      0.07   0.883559   0.636349    0.73985
      0.08   0.883559   0.641349   0.743218
      0.09   0.883559   0.642982   0.744314
       0.1   0.883559   0.646118    0.74641
      0.11   0.883559   0.649598   0.748727
      0.12   0.883559   0.651273   0.749839
      0.13   0.883559   0.652957   0.750954
      0.14   0.883559   0.653697   0.751443
      0.15   0.883559   0.655447   0.752597
      0.16   0.883559   0.656565   0.753334
      0.17   0.883559   0.658652   0.754706
      0.18   0.883559   0.659807   0.755464
      0.19   0.883559   0.661319   0.756454
       0.2   0.883559   0.662267   0.757074
      0.21   0.883559    0.66409   0.758263
      0.22   0.883479   0.665814   0.759356
      0.23   0.883439   0.666281   0.759645
      0.24    0.88324   0.668134   0.760774
      0.25    0.88324   0.668998   0.761334
      0.26   0.880971   0.670819   0.761665
      0.27   0.879777    0.67257   0.762345
      0.28   0.878901   0.675593   0.763952
      0.29   0.878742   0.677239   0.764943
       0.3    0.87715   0.681208    0.76686
      0.31   0.875159   0.684388   0.768105
      0.32   0.873766   0.686252    0.76874
      0.33   0.871258   0.689543   0.769823
      0.34   0.870263   0.690948   0.770307
      0.35   0.866959    0.69332   0.770478
      0.36    0.86047   0.695192   0.769051
      0.37   0.855732   0.698129   0.768938
      0.38   0.848806   0.701386   0.768086
      0.39   0.842874   0.707451   0.769248
       0.4   0.839968   0.709538   0.769264
      0.41   0.831409   0.713232     0.7678
      0.42   0.819387   0.716585   0.764545
      0.43   0.810908   0.719083    0.76224
      0.44   0.800478   0.722012   0.759223
      0.45   0.792834   0.723161   0.756397
      0.46   0.784037   0.724464   0.753074
      0.47   0.772412   0.725873    0.74842
      0.48    0.76035   0.729246   0.744474
      0.49   0.753901    0.73259   0.743093
       0.5   0.742396   0.733915   0.738131
      0.51   0.728384   0.734678   0.731517
      0.52   0.720143   0.733768   0.726892
      0.53   0.703901   0.732276   0.717808
      0.54   0.694586   0.731327   0.712483
      0.55   0.679379   0.729964   0.703764
      0.56   0.670183   0.727675   0.697747
      0.57   0.658519   0.724969   0.690148
      0.58   0.652389   0.723664    0.68618
      0.59   0.634793   0.718628   0.674114
       0.6   0.626354   0.715258    0.66786
      0.61   0.611027   0.709188   0.656458
      0.62   0.592675   0.703525    0.64336
      0.63   0.585111   0.701748   0.638144
      0.64   0.574244   0.696217   0.629375
      0.65   0.565963   0.693701   0.623355
      0.66   0.552389   0.689436    0.61335
      0.67   0.546019   0.685813   0.607984
      0.68   0.535629    0.68235   0.600152
      0.69    0.52926   0.681459   0.595793
       0.7   0.521576   0.680097   0.590381
      0.71   0.512978   0.681379   0.585306
      0.72   0.505971   0.682915   0.581276
      0.73   0.497651   0.685418   0.576634
      0.74   0.490048   0.688391   0.572528
      0.75   0.479459   0.693358   0.566903
      0.76   0.474841   0.705866   0.567751
      0.77   0.464849   0.704633   0.560159
      0.78   0.458519   0.704511     0.5555
      0.79   0.446099   0.698952   0.544607
       0.8   0.437978   0.695338   0.537436
      0.81    0.42078   0.689928   0.522744
      0.82    0.40836   0.680014   0.510285
      0.83   0.399761   0.676866   0.502653
      0.84   0.391839   0.672022   0.495036
      0.85    0.38328   0.665722   0.486478
      0.86   0.374443   0.659303   0.477625
      0.87   0.368869   0.657068   0.472489
      0.88   0.355573   0.643251   0.457984
      0.89   0.336744   0.633843   0.439822
       0.9   0.323368   0.619048   0.424823
      0.91   0.305573   0.602646   0.405524
      0.92   0.291879    0.58956   0.390453
      0.93   0.280812   0.563967   0.374935
      0.94   0.268551   0.548996   0.360673
      0.95       0.25   0.523964   0.338494
      0.96    0.24164   0.507463   0.327387
      0.97   0.228185   0.490405   0.311452
      0.98    0.21867   0.479562   0.300376
      0.99   0.212301   0.469219   0.292334
