         0          1   0.295659   0.456384
      0.01   0.881707   0.408981   0.558774
      0.02   0.881707   0.408981   0.558774
      0.03   0.881707   0.408981   0.558774
      0.04   0.881707   0.409006   0.558797
      0.05   0.881707   0.409006   0.558797
      0.06   0.881707    0.40908   0.558866
      0.07   0.881707   0.409203   0.558981
      0.08   0.881707   0.409228   0.559004
      0.09   0.881707   0.409277    0.55905
       0.1   0.881707   0.409351   0.559119
      0.11   0.881707   0.409401   0.559166
      0.12   0.881707   0.409401   0.559166
      0.13   0.881707   0.409648   0.559396
      0.14   0.881707   0.409697   0.559442
      0.15   0.881707   0.409871   0.559604
      0.16   0.881707   0.410242    0.55995
      0.17   0.881707   0.411013   0.560667
      0.18   0.881707   0.411287   0.560922
      0.19   0.881707   0.411911   0.561502
       0.2   0.881707   0.412512   0.562061
      0.21   0.881707   0.413493    0.56297
      0.22   0.881707   0.414822   0.564201
      0.23   0.881707   0.416605   0.565848
      0.24   0.881667   0.418513   0.567597
      0.25   0.880964   0.420152   0.568956
      0.26   0.880964   0.422648    0.57124
      0.27   0.880964   0.424554   0.572978
      0.28   0.880924    0.42794   0.576045
      0.29   0.880729    0.43036   0.578192
       0.3   0.880729   0.434077   0.581537
      0.31   0.880416    0.43733    0.58438
      0.32    0.87979    0.43993   0.586557
      0.33   0.878031   0.443418   0.589254
      0.34   0.877913   0.445826    0.59135
      0.35   0.877522   0.450908   0.595713
      0.36   0.877131   0.453796   0.598138
      0.37   0.876779   0.459013   0.602568
      0.38   0.875489   0.463039   0.605719
      0.39   0.874511    0.46804   0.609744
       0.4   0.874198   0.471662   0.612732
      0.41   0.872048   0.476616   0.616361
      0.42   0.869115   0.480221   0.618626
      0.43   0.867746   0.483043   0.620613
      0.44   0.865361   0.486944   0.623206
      0.45   0.863092   0.489425   0.624641
      0.46   0.859886   0.493222   0.626875
      0.47   0.856171   0.495141   0.627428
      0.48   0.851361   0.498422   0.628748
      0.49   0.847216   0.499746   0.628663
       0.5   0.836892   0.500218   0.626169
      0.51   0.825747   0.503664   0.625689
      0.52   0.813937   0.505392   0.623586
      0.53   0.792077   0.507484   0.618619
      0.54   0.784374   0.509168   0.617496
      0.55   0.766502     0.5141   0.615427
      0.56   0.758369   0.516381   0.614407
      0.57   0.740263    0.51864   0.609944
      0.58   0.735922   0.520139   0.609495
      0.59   0.725364   0.520074     0.6058
       0.6   0.714844   0.519128   0.601465
      0.61   0.698342   0.519092   0.595521
      0.62   0.683052    0.51938   0.590077
      0.63    0.67265   0.519767   0.586407
      0.64   0.658572   0.520822   0.581652
      0.65   0.647114   0.520651   0.577035
      0.66    0.63241   0.521286   0.571496
      0.67   0.623025   0.522276   0.568219
      0.68   0.611724   0.520119   0.562214
      0.69   0.599171   0.519014   0.556219
       0.7   0.579423   0.517381   0.546647
      0.71   0.555256   0.520426   0.537277
      0.72   0.544345   0.522194   0.533039
      0.73   0.523541   0.520493   0.522013
      0.74   0.509737   0.520605   0.515114
      0.75   0.491592   0.518349   0.504616
      0.76   0.482285    0.51839   0.499686
      0.77   0.459018   0.519253   0.487281
      0.78   0.445644   0.520406   0.480132
      0.79   0.428946   0.523369   0.471476
       0.8   0.419521   0.525878   0.466717
      0.81   0.407751   0.534742   0.462691
      0.82   0.386399   0.540264   0.450558
      0.83   0.376427   0.546224   0.445702
      0.84   0.359768   0.548171   0.434422
      0.85   0.346121   0.550637   0.425058
      0.86   0.336305   0.557597    0.41956
      0.87   0.325278   0.563107   0.412358
      0.88   0.308384   0.572573   0.400865
      0.89    0.30072    0.57947   0.395956
       0.9   0.283943   0.590336   0.383452
      0.91   0.260754   0.615159   0.366258
      0.92   0.254888   0.629375   0.362834
      0.93   0.241983   0.639973    0.35118
      0.94   0.236235   0.652738   0.346916
      0.95   0.220788   0.652789   0.329972
      0.96   0.211794   0.648716   0.319332
      0.97   0.202839   0.649596   0.309146
      0.98    0.19451   0.643396   0.298713
      0.99   0.185203   0.645812   0.287855
