         0          1   0.168956   0.289072
      0.01   0.772071   0.312237   0.444651
      0.02   0.772071   0.312237   0.444651
      0.03   0.772071   0.312237   0.444651
      0.04   0.772071   0.312237   0.444651
      0.05   0.772071   0.312237   0.444651
      0.06   0.772071   0.312237   0.444651
      0.07   0.772071   0.312237   0.444651
      0.08   0.772071   0.312237   0.444651
      0.09   0.772071   0.312237   0.444651
       0.1   0.772071   0.312331   0.444746
      0.11   0.772071   0.312425   0.444841
      0.12   0.772071   0.312566   0.444984
      0.13   0.772071   0.313036   0.445461
      0.14   0.772071   0.314076   0.446513
      0.15   0.772071    0.31541   0.447859
      0.16   0.772071   0.316322   0.448777
      0.17   0.771989   0.317526   0.449974
      0.18   0.771989   0.318412   0.450862
      0.19   0.771825   0.320213   0.452637
       0.2   0.771743   0.321969   0.454375
      0.21    0.77084   0.324191   0.456424
      0.22    0.76682   0.326668   0.458159
      0.23   0.765015   0.329779   0.460882
      0.24   0.764358   0.334993   0.465828
      0.25   0.763948   0.337675   0.468339
      0.26   0.760256   0.341411   0.471213
      0.27   0.758533   0.344142   0.473473
      0.28   0.753364   0.348124     0.4762
      0.29   0.750738   0.351462    0.47878
       0.3   0.742452   0.354812   0.480159
      0.31   0.729734   0.357432   0.479835
      0.32    0.72637   0.359643   0.481088
      0.33   0.716606     0.3636   0.482423
      0.34   0.711437   0.365934   0.483285
      0.35   0.701838   0.369253    0.48391
      0.36   0.697489   0.372192   0.485378
      0.37   0.693387    0.37769   0.489013
      0.38   0.689859   0.380751   0.490682
      0.39   0.683869   0.385273   0.492874
       0.4   0.679193   0.390099   0.495566
      0.41   0.675583   0.396492    0.49971
      0.42   0.672547   0.402104   0.503296
      0.43   0.668855   0.405783   0.505118
      0.44   0.665819   0.413539   0.510196
      0.45   0.661716   0.417539   0.512005
      0.46   0.650148   0.424176   0.513397
      0.47   0.648343   0.429031   0.516365
      0.48   0.640302   0.434538   0.517725
      0.49   0.637594   0.438692   0.519764
       0.5   0.634641   0.445231   0.523325
      0.51    0.63062   0.451053   0.525932
      0.52   0.628159   0.453613   0.526804
      0.53   0.624467   0.459935   0.529719
      0.54   0.617739   0.464512   0.530278
      0.55   0.613226   0.468642   0.531273
      0.56    0.61019   0.472007   0.532277
      0.57   0.608057   0.474733   0.533187
      0.58   0.606252   0.478889   0.535096
      0.59   0.600755   0.483447   0.535755
       0.6   0.599606   0.487464   0.537751
      0.61   0.594109    0.49463   0.539825
      0.62    0.58492   0.500316    0.53932
      0.63   0.580407    0.50554   0.540393
      0.64     0.5745   0.507331    0.53883
      0.65   0.571792   0.510407   0.539359
      0.66   0.564654   0.512142   0.537118
      0.67   0.561372   0.512814   0.535996
      0.68   0.552675   0.515717   0.533557
      0.69   0.546931   0.514218    0.53007
       0.7   0.538973    0.51556   0.527007
      0.71   0.532327   0.530594   0.531459
      0.72   0.520102   0.533581   0.526755
      0.73   0.511569   0.535413   0.523219
      0.74   0.500082   0.536266   0.517542
      0.75   0.489252   0.543125   0.514783
      0.76    0.48236   0.545731   0.512092
      0.77   0.462914   0.550183    0.50279
      0.78   0.446915     0.5566   0.495763
      0.79   0.440515   0.568411   0.496357
       0.8    0.43551   0.576942   0.496348
      0.81   0.420578     0.5746    0.48567
      0.82   0.412045   0.571429   0.478822
      0.83   0.408845   0.566038   0.474768
      0.84   0.396291   0.560209   0.464205
      0.85   0.386528    0.55314   0.455063
      0.86   0.362816    0.53856   0.433555
      0.87   0.348868   0.529219   0.420522
      0.88   0.344437   0.525667   0.416178
      0.89   0.335084   0.520878   0.407817
       0.9   0.319741   0.517682   0.395318
      0.91   0.310059   0.510655   0.385843
      0.92   0.297013    0.50161   0.373104
      0.93    0.27765   0.489505   0.354325
      0.94   0.264769   0.486254   0.342852
      0.95   0.254349   0.474014   0.331057
      0.96   0.250246   0.467949   0.326102
      0.97   0.240154   0.453765   0.314082
      0.98   0.227601   0.444553   0.301064
      0.99   0.216524   0.422085   0.286221
