         0          1   0.337394   0.504555
      0.01   0.889949    0.48027   0.623865
      0.02   0.889949    0.48027   0.623865
      0.03   0.889949    0.48027   0.623865
      0.04   0.889949    0.48027   0.623865
      0.05   0.889949    0.48027   0.623865
      0.06   0.889949    0.48027   0.623865
      0.07   0.889949    0.48027   0.623865
      0.08   0.889949    0.48027   0.623865
      0.09   0.889949    0.48027   0.623865
       0.1   0.889949   0.480322   0.623909
      0.11   0.889949   0.480348   0.623931
      0.12   0.889949   0.480426   0.623997
      0.13   0.889949   0.480396   0.623971
      0.14   0.889949    0.48042   0.623991
      0.15   0.889949   0.480522   0.624078
      0.16   0.889949   0.480967   0.624453
      0.17   0.889906   0.481269   0.624697
      0.18   0.889821   0.481712   0.625049
      0.19   0.889821   0.482604   0.625799
       0.2   0.889821   0.483598   0.626635
      0.21   0.889692   0.484937   0.627725
      0.22   0.888494   0.486765   0.628955
      0.23   0.887852   0.488265   0.630044
      0.24   0.887168    0.49111   0.632234
      0.25   0.885799   0.493031   0.633474
      0.26   0.883873   0.497059    0.63629
      0.27   0.882547   0.499539   0.637973
      0.28   0.878482   0.503991   0.640515
      0.29   0.870866   0.507312   0.641137
       0.3   0.867443   0.512856   0.644604
      0.31   0.862436   0.517411   0.646787
      0.32   0.859912   0.521629   0.649355
      0.33   0.852381   0.526261   0.650749
      0.34   0.845877   0.530896   0.652356
      0.35    0.83916   0.538064   0.655698
      0.36   0.830773   0.541487   0.655638
      0.37   0.821445   0.545253   0.655442
      0.38   0.813144   0.548025   0.654765
      0.39   0.799281   0.550886   0.652235
       0.4   0.788798    0.55365   0.650629
      0.41   0.770827   0.556847   0.646594
      0.42   0.745454    0.55742   0.637868
      0.43   0.728681   0.558194   0.632144
      0.44   0.713277   0.561662   0.628455
      0.45   0.696633   0.561811      0.622
      0.46    0.68063   0.564892   0.617383
      0.47     0.6639   0.565591   0.610815
      0.48   0.636216   0.565353   0.598695
      0.49   0.616319   0.567359   0.590826
       0.5   0.590561   0.566928   0.578503
      0.51   0.570622   0.568189   0.569403
      0.52    0.55693   0.566569   0.561708
      0.53   0.530529   0.563513   0.546524
      0.54   0.517864    0.56194   0.539002
      0.55   0.499979   0.561576    0.52899
      0.56   0.482778   0.559104   0.518145
      0.57   0.454367   0.556914   0.500441
      0.58     0.4334   0.549335   0.484529
      0.59   0.404732   0.544228   0.464227
       0.6   0.391211    0.53974   0.453627
      0.61   0.353087   0.530618    0.42402
      0.62   0.323649   0.520686   0.399177
      0.63   0.307603     0.5109   0.384005
      0.64   0.284284   0.500817    0.36269
      0.65   0.269693   0.494378      0.349
      0.66   0.246716   0.482909   0.326583
      0.67   0.238073    0.47831    0.31791
      0.68   0.229601   0.473243   0.309192
      0.69   0.222027   0.467662   0.301103
       0.7   0.209662   0.457256   0.287499
      0.71   0.189765   0.442416   0.265605
      0.72   0.171495   0.432511   0.245605
      0.73   0.160241   0.424761   0.232697
      0.74   0.156005   0.421762   0.227763
      0.75    0.14672   0.418747   0.217302
      0.76   0.143511   0.420323   0.213967
      0.77   0.138762    0.42698   0.209454
      0.78   0.133199   0.426081   0.202953
      0.79    0.12815   0.427778   0.197219
       0.8   0.127038   0.429194   0.196047
      0.81   0.122246   0.427451   0.190119
      0.82   0.117667   0.424419   0.184252
      0.83    0.11356   0.418745   0.178666
      0.84    0.10727       0.42   0.170893
      0.85    0.10282   0.419325   0.165145
      0.86   0.093278   0.412574   0.152155
      0.87  0.0918232   0.413863     0.1503
      0.88  0.0849343    0.41189   0.140829
      0.89   0.083993   0.416759   0.139809
       0.9  0.0765906    0.41844   0.129481
      0.91  0.0757777    0.42428   0.128589
      0.92  0.0752214   0.435526   0.128286
      0.93  0.0700869   0.435393   0.120738
      0.94  0.0669205    0.44713   0.116417
      0.95  0.0645672   0.453767   0.113049
      0.96  0.0643105   0.471767   0.113191
      0.97  0.0590903   0.492784   0.105527
      0.98  0.0582346   0.486141    0.10401
      0.99  0.0561379   0.481982   0.100563
