         0          1   0.223995   0.366006
      0.01   0.866834   0.332977   0.481135
      0.02   0.866834   0.334528   0.482753
      0.03   0.866834   0.335209   0.483461
      0.04   0.866834   0.336985   0.485305
      0.05   0.866834   0.337635   0.485979
      0.06   0.866834   0.338595   0.486973
      0.07   0.866834   0.339189   0.487587
      0.08   0.866834   0.339745   0.488161
      0.09   0.866834   0.339931   0.488353
       0.1   0.866834   0.340303   0.488737
      0.11   0.866834   0.340551   0.488993
      0.12   0.866834   0.340675   0.489121
      0.13    0.86677   0.340803   0.489242
      0.14    0.86677   0.340886   0.489327
      0.15    0.86677   0.340991   0.489436
      0.16    0.86677   0.341116   0.489564
      0.17   0.866705   0.341346   0.489791
      0.18   0.865545   0.341456   0.489719
      0.19   0.865416   0.341611   0.489858
       0.2   0.865158   0.341747   0.489956
      0.21   0.864577   0.341935   0.490056
      0.22   0.863159   0.342714   0.490627
      0.23    0.86174   0.343029   0.490719
      0.24   0.861224   0.343635   0.491256
      0.25   0.860321   0.344117     0.4916
      0.26   0.858451   0.345507    0.49271
      0.27   0.857677   0.346344   0.493432
      0.28   0.856645   0.347615   0.494549
      0.29   0.855807    0.34893   0.495738
       0.3   0.852776   0.351176   0.497486
      0.31   0.850777   0.354414   0.500381
      0.32    0.84981   0.356609   0.502396
      0.33   0.846392   0.359805   0.504953
      0.34   0.843297   0.362337   0.506883
      0.35   0.836848   0.365162   0.508457
      0.36   0.833043    0.36732   0.509835
      0.37   0.822919   0.370417   0.510876
      0.38    0.81705   0.372847   0.512035
      0.39   0.810537   0.374619    0.51241
       0.4   0.796801   0.375747   0.510675
      0.41   0.783969   0.378196   0.510244
      0.42    0.77752   0.380164   0.510649
      0.43   0.772877   0.381063   0.510451
      0.44    0.76488   0.383047   0.510459
      0.45   0.759786   0.385007    0.51105
      0.46     0.7505   0.385939   0.509745
      0.47     0.7436   0.386162   0.508338
      0.48   0.730573   0.387747   0.506613
      0.49    0.72348   0.389065   0.506012
       0.5    0.71213   0.391525   0.505261
      0.51    0.70078   0.395323    0.50549
      0.52   0.698136   0.397414   0.506502
      0.53    0.69201   0.400483   0.507351
      0.54   0.688979   0.402722   0.508321
      0.55   0.680918   0.405231   0.508087
      0.56   0.673115   0.406312   0.506741
      0.57   0.663442    0.40599   0.503727
      0.58   0.657832   0.407393   0.503173
      0.59    0.64674   0.408696   0.500873
       0.6   0.640098   0.409685   0.499606
      0.61   0.631521     0.4104   0.497497
      0.62   0.619591   0.412646   0.495374
      0.63   0.613852    0.41075   0.492171
      0.64   0.597343     0.4092   0.485688
      0.65   0.588186   0.408838   0.482381
      0.66   0.569872   0.407534   0.475222
      0.67   0.565164   0.408883   0.474487
      0.68   0.552073   0.409938   0.470505
      0.69   0.541239   0.411044   0.467242
       0.7   0.521442    0.41166   0.460093
      0.71   0.505707   0.413523   0.454993
      0.72   0.497775   0.417984   0.454403
      0.73   0.487328   0.419154   0.450677
      0.74   0.474818   0.419532   0.445466
      0.75   0.462307   0.421205     0.4408
      0.76   0.450506   0.421079   0.435296
      0.77   0.435674   0.421108   0.428267
      0.78   0.418263   0.418796   0.418529
      0.79   0.409041   0.413517   0.411267
       0.8   0.401238   0.410898   0.406011
      0.81   0.389437   0.402735   0.395974
      0.82   0.375121   0.395319   0.384955
      0.83    0.36203   0.391013   0.375964
      0.84   0.345779    0.38331   0.363579
      0.85   0.332817   0.380831   0.355209
      0.86   0.324757   0.371079   0.346376
      0.87   0.316244   0.361441   0.337335
      0.88   0.308441   0.350377   0.328075
      0.89   0.289224   0.340463   0.312759
       0.9   0.269878   0.324424   0.294648
      0.91    0.24705   0.305447   0.273162
      0.92   0.240408   0.301151   0.267372
      0.93   0.223705   0.288055   0.251834
      0.94   0.214419   0.280262   0.242959
      0.95   0.204682   0.273446   0.234119
      0.96   0.202618   0.268648   0.231007
      0.97   0.193074   0.261993   0.222315
      0.98   0.186883   0.256378   0.216183
      0.99   0.179725   0.249158   0.208821
