         0          1   0.193017   0.323578
      0.01   0.892786   0.436695   0.586508
      0.02   0.892786   0.436695   0.586508
      0.03   0.892786   0.436695   0.586508
      0.04   0.892786   0.436695   0.586508
      0.05   0.892786   0.436695   0.586508
      0.06   0.892786   0.436695   0.586508
      0.07   0.892786   0.436695   0.586508
      0.08   0.892786   0.436695   0.586508
      0.09   0.892786   0.436695   0.586508
       0.1   0.892786   0.436811   0.586612
      0.11   0.892786   0.436965   0.586751
      0.12   0.892786   0.437158   0.586925
      0.13   0.892786   0.437776   0.587482
      0.14   0.892786   0.438657   0.588274
      0.15   0.892786   0.439872   0.589366
      0.16   0.892786   0.440406   0.589845
      0.17   0.892664   0.441492   0.590792
      0.18   0.892604   0.442867   0.592008
      0.19   0.890419   0.443636   0.592212
       0.2   0.884837   0.445284   0.592433
      0.21   0.880832   0.449864    0.59556
      0.22   0.876585   0.453562   0.597807
      0.23   0.874279   0.456503   0.599814
      0.24   0.864935   0.461149   0.601566
      0.25   0.862872   0.465356   0.604629
      0.26   0.856683   0.473014   0.609497
      0.27   0.851041   0.477644   0.611875
      0.28   0.839269   0.482328   0.612597
      0.29     0.8312   0.485685   0.613116
       0.3   0.821188   0.489758   0.613577
      0.31   0.809174   0.495095   0.614318
      0.32   0.805109   0.501114   0.617737
      0.33   0.799709   0.511174   0.623687
      0.34   0.792246   0.517301    0.62591
      0.35     0.7846   0.528794   0.631786
      0.36   0.777562   0.536578   0.634975
      0.37   0.764031    0.54708   0.637606
      0.38   0.757539    0.55341   0.639582
      0.39   0.742006   0.559422   0.637906
       0.4   0.734482   0.563566   0.637771
      0.41   0.726655   0.570375     0.6391
      0.42   0.714762    0.57175   0.635307
      0.43   0.707967   0.573173   0.633479
      0.44   0.698623    0.57717   0.632115
      0.45   0.694193   0.578829   0.631284
      0.46   0.685213   0.578409   0.627297
      0.47   0.673806   0.577573   0.621989
      0.48    0.66428   0.575709   0.616831
      0.49   0.658091   0.575926   0.614273
       0.5   0.638553   0.571429   0.603129
      0.51   0.630726   0.567925   0.597681
      0.52   0.625326    0.56635   0.594379
      0.53   0.612766   0.561264   0.585885
      0.54   0.608883   0.559529   0.583164
      0.55   0.604454    0.55532   0.578846
      0.56   0.598689    0.55165   0.574208
      0.57   0.587222   0.546301   0.566023
      0.58   0.583884   0.543354   0.562891
      0.59   0.570778   0.537618   0.553702
       0.6   0.566531   0.534442   0.550019
      0.61   0.554699   0.527399   0.540705
      0.62   0.530732   0.521034   0.525838
      0.63   0.526485   0.514854   0.520605
      0.64   0.513318   0.507643   0.510465
      0.65   0.506462   0.501033   0.503733
      0.66   0.485711    0.48782   0.486763
      0.67   0.474728   0.480286   0.477491
      0.68   0.462351    0.46833   0.465321
      0.69    0.45604   0.461313   0.458662
       0.7   0.440568   0.450472   0.445465
      0.71   0.428554   0.445263   0.436749
      0.72   0.416358    0.44019   0.427942
      0.73   0.402645   0.429661   0.415715
      0.74   0.396335   0.428965   0.412005
      0.75   0.380256   0.424544   0.401181
      0.76   0.372732   0.422978   0.396269
      0.77   0.355379   0.421148   0.385478
      0.78   0.349493   0.419879   0.381467
      0.79   0.336387   0.416907   0.372344
       0.8   0.331594   0.414216   0.368328
      0.81   0.327407   0.416923   0.366782
      0.82   0.313695   0.405797   0.353851
      0.83   0.297433   0.397577    0.34029
      0.84   0.294764   0.394886   0.337557
      0.85   0.289181   0.391531   0.332662
      0.86    0.27644   0.382265   0.320851
      0.87   0.273648   0.375684   0.316649
      0.88   0.261938   0.367895   0.306004
      0.89    0.25496   0.359415   0.298308
       0.9    0.24865   0.346179   0.289419
      0.91    0.23336   0.329939    0.27337
      0.92    0.22978   0.322222    0.26826
      0.93   0.216734   0.305097   0.253434
      0.94   0.202233   0.290775   0.238553
      0.95   0.182513   0.270833    0.21807
      0.96   0.177538   0.262785   0.211909
      0.97   0.162854   0.241181   0.194425
      0.98   0.154238   0.234188   0.185985
      0.99   0.139494   0.213071   0.168605
