         0          1   0.230724    0.37494
      0.01   0.866644   0.292336   0.437197
      0.02   0.866644   0.292336   0.437197
      0.03   0.866644   0.292336   0.437197
      0.04   0.866644   0.292336   0.437197
      0.05   0.866644   0.292336   0.437197
      0.06   0.866644   0.292336   0.437197
      0.07   0.866644   0.292336   0.437197
      0.08   0.866644   0.292336   0.437197
      0.09   0.866644   0.292336   0.437197
       0.1   0.866644   0.292336   0.437197
      0.11   0.866644   0.292353   0.437216
      0.12   0.866644   0.292391   0.437258
      0.13   0.866644   0.292449   0.437323
      0.14   0.866644   0.292501   0.437382
      0.15   0.866644   0.292823   0.437742
      0.16   0.866644   0.293066   0.438013
      0.17    0.86639   0.293498   0.438462
      0.18   0.866136   0.293786   0.438752
      0.19   0.863598   0.293951   0.438609
       0.2   0.862752   0.294237   0.438817
      0.21   0.862413   0.294432   0.438991
      0.22   0.861229   0.295281   0.439779
      0.23   0.858944   0.295606    0.43984
      0.24   0.855898   0.295868    0.43973
      0.25   0.854798   0.296532   0.440317
      0.26   0.846505   0.296927   0.439641
      0.27   0.841005   0.297064   0.439046
      0.28   0.835421    0.29837   0.439701
      0.29   0.828144    0.29919   0.439572
       0.3   0.816636   0.300954   0.439821
      0.31   0.807751   0.303176   0.440876
      0.32    0.79582   0.304811   0.440792
      0.33   0.770181     0.3064   0.438394
      0.34    0.75935   0.308002   0.438245
      0.35   0.745727   0.311779   0.439718
      0.36   0.728973   0.312185   0.437157
      0.37    0.70968   0.313791   0.435169
      0.38   0.697072    0.31507   0.433983
      0.39   0.682095   0.316766   0.432622
       0.4   0.673803   0.317222   0.431362
      0.41   0.647572   0.316513   0.425201
      0.42   0.627771   0.315121   0.419611
      0.43    0.61804   0.314986   0.417296
      0.44   0.599932   0.314413   0.412594
      0.45   0.583178   0.313908   0.408131
      0.46   0.557878   0.313883   0.401735
      0.47   0.538501   0.314778    0.39731
      0.48   0.508123   0.312964    0.38735
      0.49   0.493231   0.311426    0.38179
       0.5   0.464038   0.311326   0.372643
      0.51   0.443899   0.310615   0.365485
      0.52   0.433914   0.309171   0.361072
      0.53   0.412168   0.307227   0.352043
      0.54   0.402014   0.306692   0.347943
      0.55   0.378321   0.303859   0.337026
      0.56   0.369775   0.302203   0.332592
      0.57    0.34989   0.299585   0.322789
      0.58   0.336521   0.297565   0.315846
      0.59   0.314266   0.293336   0.303441
       0.6    0.29802   0.294047    0.29602
      0.61   0.276273   0.289687   0.282821
      0.62   0.267389    0.28773   0.277186
      0.63   0.255627   0.284609   0.269341
      0.64   0.241834   0.283284   0.260924
      0.65   0.237096   0.280328   0.256906
      0.66   0.220934   0.276774   0.245722
      0.67   0.215349   0.271809   0.240307
      0.68   0.204011   0.266785   0.231213
      0.69    0.19758   0.259505   0.224348
       0.7   0.189118   0.253433   0.216602
      0.71   0.177526   0.247695   0.206821
      0.72   0.176003    0.24858   0.206088
      0.73   0.164326   0.242609   0.195938
      0.74   0.161787   0.240413   0.193415
      0.75   0.149687   0.231452   0.181799
      0.76   0.145371    0.23229   0.178829
      0.77    0.13911   0.230401   0.173478
      0.78    0.13581   0.227792   0.170166
      0.79   0.129887   0.222982   0.164154
       0.8   0.120748   0.217968   0.155406
      0.81   0.110594    0.21725   0.146573
      0.82  0.0916399   0.217674    0.12898
      0.83  0.0860552   0.221557   0.123962
      0.84  0.0769166   0.238318   0.116298
      0.85   0.069978   0.249683   0.109318
      0.86  0.0680318   0.254213   0.107338
      0.87  0.0664241   0.264264   0.106163
      0.88  0.0643087   0.279188   0.104538
      0.89  0.0632087   0.294559   0.104083
       0.9  0.0600778   0.311547   0.100731
      0.91  0.0566086   0.321951   0.096287
      0.92  0.0522085     0.3219  0.0898451
      0.93   0.043493   0.333333  0.0769461
      0.94  0.0426468   0.327703  0.0754718
      0.95  0.0364698   0.323529  0.0655504
      0.96  0.0342698   0.310078  0.0617184
      0.97  0.0264004   0.279476  0.0482435
      0.98  0.0219157   0.262911  0.0404589
      0.99  0.0213234   0.281081  0.0396397
