         0          1   0.282356    0.44037
      0.01   0.928829   0.411235   0.570073
      0.02   0.928829   0.411235   0.570073
      0.03   0.928829   0.411235   0.570073
      0.04   0.928829   0.411235   0.570073
      0.05   0.928829   0.411235   0.570073
      0.06   0.928829   0.411235   0.570073
      0.07   0.928829   0.411235   0.570073
      0.08   0.928829   0.411235   0.570073
      0.09   0.928829   0.411235   0.570073
       0.1   0.928829   0.411235   0.570073
      0.11   0.928829   0.411254   0.570091
      0.12   0.928829   0.411273    0.57011
      0.13   0.928829    0.41135   0.570183
      0.14   0.928829   0.411426   0.570256
      0.15   0.928829   0.411617    0.57044
      0.16   0.928829   0.411713   0.570532
      0.17   0.928829   0.411904   0.570715
      0.18   0.928773   0.412049   0.570844
      0.19   0.928773   0.412501   0.571278
       0.2   0.928773   0.412968   0.571726
      0.21   0.928491   0.413982   0.572642
      0.22   0.928491   0.415243   0.573848
      0.23   0.928491   0.415914   0.574488
      0.24   0.928435   0.418003   0.576467
      0.25   0.928322   0.419399   0.577772
      0.26   0.928209   0.422029   0.580241
      0.27   0.927421   0.423897   0.581849
      0.28    0.92652   0.426843   0.584438
      0.29   0.924493   0.429218   0.586254
       0.3   0.923592   0.433521   0.590071
      0.31   0.921734   0.437975   0.593799
      0.32   0.920552   0.442187   0.597409
      0.33   0.915315   0.446412   0.600131
      0.34   0.912894   0.450525    0.60331
      0.35    0.90625   0.456625    0.60727
      0.36   0.901914   0.460887   0.610038
      0.37   0.892962   0.466536   0.612872
      0.38   0.890315   0.471076   0.616143
      0.39   0.881644   0.476608   0.618734
       0.4   0.874268   0.478818   0.618756
      0.41   0.865597   0.483645   0.620559
      0.42   0.855912   0.488129     0.6217
      0.43   0.846678   0.492112   0.622443
      0.44     0.8308   0.496143   0.621271
      0.45   0.817061   0.498646   0.619324
      0.46    0.80625   0.501581   0.618428
      0.47   0.798086   0.504707   0.618363
      0.48   0.776408   0.509247   0.615069
      0.49   0.767117   0.512996   0.614833
       0.5   0.744932   0.517512   0.610738
      0.51   0.732095   0.522199   0.609584
      0.52   0.720495   0.524001   0.606736
      0.53   0.703998   0.524392   0.601064
      0.54    0.68902   0.524243   0.595442
      0.55   0.665991   0.523738    0.58636
      0.56   0.648986    0.52348   0.579516
      0.57   0.625901    0.52462   0.570802
      0.58   0.613176   0.524072   0.565133
      0.59   0.594876   0.520245   0.555063
       0.6   0.584685   0.519359   0.550089
      0.61   0.566273   0.516563   0.540277
      0.62   0.547241   0.513601   0.529887
      0.63    0.53902   0.510738   0.524498
      0.64   0.517905   0.503263   0.510479
      0.65   0.497523   0.499587   0.498552
      0.66    0.48384   0.499232   0.491416
      0.67   0.472241   0.495985   0.483822
      0.68    0.45152   0.492036   0.470908
      0.69   0.439977   0.493668   0.465279
       0.7   0.418525    0.49137   0.452031
      0.71   0.401858   0.492996   0.442786
      0.72   0.391047   0.494055   0.436557
      0.73   0.381532   0.497012   0.431682
      0.74   0.372185   0.497041   0.425646
      0.75   0.364302   0.501867    0.42216
      0.76   0.355912   0.501779   0.416442
      0.77   0.336824   0.501481   0.402982
      0.78   0.330068   0.502226   0.398342
      0.79   0.318694   0.514582   0.393613
       0.8   0.313007   0.527311   0.392832
      0.81   0.298311   0.551245   0.387125
      0.82   0.292061   0.576923   0.387801
      0.83   0.278547   0.589672   0.378364
      0.84   0.269876   0.612853   0.374734
      0.85   0.257601   0.622147   0.364345
      0.86   0.246115   0.640343   0.355568
      0.87   0.237669   0.649443   0.347989
      0.88   0.223198   0.658703   0.333419
      0.89   0.209685   0.658416   0.318073
       0.9   0.196565   0.657746   0.302677
      0.91   0.187782   0.653605   0.291745
      0.92   0.173255   0.656897   0.274192
      0.93   0.159685   0.649706   0.256361
      0.94    0.14893   0.642857   0.241835
      0.95   0.136655   0.638498   0.225128
      0.96   0.134572   0.650124   0.222987
      0.97   0.123874   0.666667   0.208927
      0.98   0.117793   0.657817   0.199807
      0.99   0.107151   0.666667   0.184627
