         0          1   0.150167   0.261123
      0.01   0.939558   0.224837   0.362844
      0.02   0.939558   0.224837   0.362844
      0.03   0.939558   0.224837   0.362844
      0.04   0.939558   0.224837   0.362844
      0.05   0.939558   0.224837   0.362844
      0.06   0.939558   0.224837   0.362844
      0.07   0.939558   0.224837   0.362844
      0.08   0.939558   0.224837   0.362844
      0.09   0.939558   0.224837   0.362844
       0.1   0.939558   0.224848   0.362859
      0.11   0.939558   0.224871   0.362889
      0.12   0.939558   0.224871   0.362889
      0.13   0.939558   0.224882   0.362903
      0.14   0.939558    0.22495   0.362992
      0.15   0.939558   0.225018    0.36308
      0.16   0.939558    0.22504    0.36311
      0.17   0.939558   0.225165   0.363272
      0.18   0.939558   0.225183   0.363295
      0.19   0.939558   0.225325    0.36348
       0.2   0.939463   0.225383   0.363549
      0.21   0.939368   0.225102   0.363176
      0.22   0.938704   0.225091   0.363112
      0.23   0.938419   0.225242   0.363287
      0.24   0.937375   0.225394   0.363407
      0.25   0.936806   0.225742   0.363816
      0.26   0.936616   0.226161   0.364344
      0.27   0.935857   0.226556     0.3648
      0.28   0.934434   0.227759   0.366248
      0.29   0.933011   0.228257   0.366782
       0.3   0.931398   0.229194   0.367866
      0.31   0.928551   0.230093   0.368799
      0.32   0.927602   0.231001   0.369888
      0.33   0.922478   0.232604   0.371527
      0.34   0.920296   0.233424   0.372393
      0.35   0.915172   0.235192   0.374214
      0.36   0.911946   0.237159   0.376425
      0.37   0.904355    0.23952   0.378732
      0.38   0.900655   0.240713   0.379894
      0.39   0.891451   0.243175   0.382114
       0.4   0.887181   0.244607   0.383483
      0.41   0.881583   0.246276   0.384999
      0.42   0.873043   0.247533   0.385706
      0.43   0.865547   0.248182   0.385755
      0.44   0.856912   0.249621   0.386618
      0.45   0.847993   0.250264   0.386471
      0.46   0.836417   0.251623   0.386864
      0.47   0.826359   0.253015   0.387412
      0.48   0.812126   0.255684   0.388922
      0.49   0.794098    0.25601   0.387192
       0.5   0.782996   0.258589   0.388781
      0.51   0.760698   0.261875   0.389621
      0.52   0.745991   0.262875   0.388758
      0.53   0.719803    0.26609   0.388546
      0.54   0.708416   0.268317   0.389216
      0.55   0.686213   0.272037   0.389617
      0.56   0.674542   0.274559   0.390268
      0.57   0.664864   0.279577   0.393631
      0.58   0.654237   0.281865   0.393988
      0.59   0.635165   0.285971    0.39438
       0.6   0.628712   0.289431   0.396385
      0.61   0.615334   0.295734   0.399477
      0.62   0.592466   0.298665   0.397134
      0.63   0.584306   0.302957   0.399024
      0.64   0.557548   0.304461   0.393851
      0.65   0.540184   0.307045   0.391537
      0.66    0.52671   0.311019   0.391097
      0.67    0.51428   0.313489   0.389532
      0.68   0.490274   0.315161   0.383682
      0.69   0.475852   0.318582    0.38165
       0.7   0.453553   0.314448   0.371403
      0.71   0.431255   0.315131    0.36416
      0.72   0.416548   0.312274   0.356952
      0.73    0.39036   0.309285   0.345125
      0.74   0.372426   0.312522   0.339855
      0.75   0.356011   0.313672   0.333503
      0.76    0.33988    0.31431   0.326595
      0.77   0.313692   0.323261   0.318405
      0.78   0.302401   0.333853   0.317349
      0.79   0.292343   0.346975   0.317325
       0.8   0.282949   0.372603   0.321645
      0.81   0.264162   0.384259   0.313089
      0.82   0.256002   0.394714   0.310573
      0.83    0.24509   0.402194   0.304576
      0.84   0.232185   0.405268   0.295229
      0.85   0.219471   0.411317    0.28622
      0.86   0.204099   0.413876   0.273382
      0.87   0.198311   0.419108    0.26923
      0.88   0.181232   0.421808   0.253532
      0.89   0.176203   0.427914   0.249619
       0.9   0.162254   0.433673   0.236154
      0.91   0.148401   0.442748   0.222294
      0.92   0.141095   0.453988   0.215282
      0.93    0.13284   0.467706   0.206912
      0.94    0.12838   0.466507    0.20135
      0.95   0.122308   0.469496   0.194061
      0.96   0.117848   0.472222   0.188623
      0.97   0.113863   0.476923   0.183836
      0.98   0.110067   0.477273   0.178882
      0.99   0.102002   0.469965   0.167623
