         0          1   0.253826   0.404882
      0.01   0.885807   0.379522   0.531376
      0.02   0.885807   0.379522   0.531376
      0.03   0.885807   0.379522   0.531376
      0.04   0.885807   0.379522   0.531376
      0.05   0.885807   0.379522   0.531376
      0.06   0.885807   0.379522   0.531376
      0.07   0.885807   0.379522   0.531376
      0.08   0.885807   0.379522   0.531376
      0.09   0.885807   0.379522   0.531376
       0.1   0.885807   0.379522   0.531376
      0.11   0.885807   0.379542   0.531397
      0.12   0.885807   0.379542   0.531397
      0.13   0.885807   0.379563   0.531417
      0.14   0.885807   0.379646   0.531499
      0.15   0.885807   0.379771   0.531621
      0.16   0.885807   0.379875   0.531723
      0.17   0.885807   0.380133   0.531975
      0.18   0.885807   0.380412   0.532248
      0.19   0.885807   0.381104   0.532926
       0.2   0.885642   0.381168   0.532958
      0.21    0.88504   0.381821   0.533487
      0.22   0.884767   0.382809     0.5344
      0.23   0.884056   0.383565   0.535006
      0.24   0.882742   0.385304   0.536454
      0.25   0.881046   0.386885   0.537668
      0.26    0.87842   0.388544   0.538776
      0.27   0.876231   0.389459   0.539241
      0.28    0.87158   0.391392   0.540201
      0.29   0.867367   0.393543   0.541428
       0.3   0.862661   0.396105    0.54292
      0.31   0.854892   0.399286   0.544335
      0.32   0.851007   0.401719   0.545794
      0.33   0.846301   0.406766   0.549447
      0.34   0.838148   0.409719   0.550388
      0.35   0.827479   0.414544   0.552367
      0.36   0.817083   0.417926   0.553001
      0.37   0.806522   0.422643   0.554638
      0.38   0.802747   0.427026   0.557491
      0.39   0.783268   0.432191   0.557027
       0.4   0.776975   0.436824   0.559238
      0.41   0.766579   0.444129   0.562415
      0.42   0.742723   0.452066    0.56204
      0.43   0.731998   0.456646   0.562429
      0.44   0.718429   0.462354   0.562624
      0.45   0.710987   0.467675   0.564217
      0.46   0.701521    0.47427   0.565934
      0.47   0.687787   0.476449   0.562937
      0.48   0.669567   0.482296   0.560708
      0.49   0.657638   0.487384   0.559853
       0.5   0.649048   0.495916   0.562242
      0.51   0.625793   0.500138   0.555954
      0.52   0.608722   0.502433   0.550494
      0.53   0.590665   0.508495   0.546509
      0.54   0.581418   0.510465   0.543636
      0.55   0.565715   0.511346   0.537158
      0.56   0.553239   0.512821   0.532264
      0.57   0.538903   0.515065   0.526715
      0.58    0.52227   0.516339   0.519287
      0.59   0.503119   0.516405   0.509676
       0.6   0.492285   0.514441   0.503119
      0.61   0.466678   0.511482   0.488054
      0.62   0.442712   0.507407   0.472857
      0.63    0.43434   0.507039   0.467882
      0.64   0.423287   0.509639   0.462467
      0.65   0.415189   0.507896   0.456887
      0.66   0.397023   0.511246   0.446953
      0.67   0.385916   0.514785   0.441132
      0.68   0.372839   0.516427    0.43304
      0.69   0.364303   0.520015    0.42845
       0.7   0.350295   0.521928   0.419225
      0.71   0.337054   0.524354   0.410341
      0.72   0.323265   0.526032   0.400444
      0.73    0.31265   0.527778   0.392681
      0.74   0.309039   0.539658   0.393015
      0.75   0.298917   0.557225   0.389104
      0.76   0.282064   0.567568   0.376847
      0.77   0.267455   0.602909   0.370537
      0.78   0.262147   0.619984   0.368487
      0.79   0.244091   0.651737   0.355164
       0.8   0.238181   0.674772   0.352084
      0.81   0.227128   0.720339   0.345362
      0.82   0.221055   0.735054   0.339893
      0.83   0.210987   0.755882   0.329892
      0.84     0.2007   0.767857   0.318224
      0.85   0.190851   0.771231   0.305983
      0.86   0.168253   0.789575   0.277396
      0.87   0.162289   0.806517   0.270207
      0.88   0.159006   0.815054     0.2661
      0.89   0.152933    0.82287   0.257929
       0.9   0.149157   0.838235   0.253251
      0.91   0.143303   0.840426   0.244855
      0.92   0.135588   0.842541   0.233585
      0.93   0.129624   0.847953   0.224872
      0.94   0.127818   0.861963   0.222624
      0.95   0.121525   0.872131   0.213326
      0.96   0.115069   0.875433   0.203402
      0.97   0.107518   0.896947   0.192019
      0.98   0.104892   0.897638   0.187834
      0.99  0.0998577   0.907563   0.179919
