         0          1   0.418411   0.589971
      0.01    0.88724   0.596288   0.713233
      0.02    0.88724   0.596288   0.713233
      0.03    0.88724   0.596288   0.713233
      0.04    0.88724   0.596288   0.713233
      0.05    0.88724   0.596288   0.713233
      0.06    0.88724   0.596288   0.713233
      0.07    0.88724   0.596288   0.713233
      0.08    0.88724   0.596288   0.713233
      0.09    0.88724   0.596288   0.713233
       0.1    0.88724   0.596288   0.713233
      0.11    0.88724   0.596288   0.713233
      0.12    0.88724   0.596317   0.713254
      0.13    0.88724   0.596347   0.713275
      0.14    0.88724   0.596347   0.713275
      0.15    0.88724   0.596296   0.713239
      0.16   0.887208   0.596266   0.713207
      0.17   0.886892   0.596393   0.713196
      0.18   0.886892   0.596393   0.713196
      0.19   0.886892    0.59667   0.713394
       0.2   0.886892   0.596829   0.713507
      0.21   0.886892   0.597017   0.713642
      0.22   0.886892   0.597523   0.714003
      0.23   0.886892   0.597941   0.714301
      0.24   0.886892   0.598349   0.714592
      0.25   0.886892   0.598738    0.71487
      0.26   0.886892   0.599098   0.715126
      0.27   0.886892   0.599538    0.71544
      0.28    0.88686   0.600111   0.715837
      0.29   0.886797   0.600564   0.716138
       0.3   0.886164   0.601393   0.716521
      0.31   0.885879   0.602573   0.717264
      0.32   0.885847   0.603208   0.717703
      0.33   0.885151   0.604949   0.718705
      0.34   0.884993   0.605937   0.719349
      0.35   0.884423   0.608402   0.720895
      0.36   0.884265   0.610315   0.722183
      0.37    0.88398   0.613075   0.724016
      0.38   0.883632   0.614881   0.725157
      0.39   0.882208    0.61865   0.727288
       0.4   0.881511   0.620836   0.728559
      0.41   0.880435   0.623998   0.730361
      0.42   0.877682   0.627006   0.731463
      0.43   0.876353   0.629077   0.732407
      0.44   0.873188    0.63413   0.734702
      0.45   0.872239    0.63721   0.736427
      0.46    0.86996   0.641665   0.738573
      0.47   0.869169   0.645349   0.740721
      0.48   0.864295   0.650893   0.742566
      0.49    0.86151   0.654462   0.743847
       0.5   0.854168   0.661486   0.745579
      0.51   0.847459   0.667185   0.746594
      0.52   0.841541   0.670606   0.746412
      0.53   0.837078     0.6758   0.747843
      0.54   0.832394   0.681875   0.749654
      0.55   0.825464   0.691288   0.752441
      0.56   0.820115   0.696712   0.753394
      0.57   0.814988   0.704212   0.755561
      0.58   0.808279   0.710865   0.756448
      0.59   0.798658   0.720524   0.757582
       0.6   0.789607   0.726967   0.756993
      0.61    0.77872   0.735427   0.756455
      0.62   0.770017     0.7441   0.756837
      0.63   0.764257   0.747736   0.755906
      0.64   0.753181   0.752996   0.753088
      0.65   0.747389    0.75385   0.750606
      0.66   0.739319   0.756466   0.747794
      0.67    0.72954   0.757493   0.743254
      0.68   0.719571    0.76149   0.739937
      0.69   0.709475   0.764068    0.73576
       0.7   0.697892   0.769168   0.731799
      0.71   0.689189   0.773137   0.728753
      0.72   0.677733   0.774166   0.722747
      0.73   0.665169   0.778022   0.717183
      0.74   0.657953   0.781026   0.714226
      0.75   0.646876   0.783665   0.708731
      0.76   0.639661   0.785077   0.704948
      0.77   0.630135    0.78656   0.699712
      0.78   0.617096   0.788336   0.692284
      0.79    0.60488   0.790378   0.685298
       0.8   0.600038   0.793843   0.683467
      0.81   0.587252   0.797401   0.676379
      0.82   0.573581   0.796886    0.66704
      0.83   0.563517   0.796886   0.660185
      0.84   0.550003   0.796591   0.650719
      0.85   0.540762   0.795689   0.643912
      0.86   0.525191   0.795869     0.6328
      0.87   0.518356   0.796773   0.628093
      0.88   0.509431   0.797349   0.621672
      0.89   0.503639    0.79686   0.617194
       0.9   0.490791   0.798035    0.60779
      0.91   0.479113   0.801443   0.599711
      0.92   0.470663   0.810565   0.595527
      0.93   0.450851   0.824548   0.582952
      0.94   0.441642   0.826322   0.575629
      0.95    0.43104   0.824033   0.566009
      0.96   0.423381   0.821861   0.558864
      0.97   0.408728   0.820137   0.545566
      0.98   0.387714   0.817878   0.526054
      0.99   0.377049   0.814275   0.515429
