         0          1   0.223412   0.365227
      0.01   0.687047    0.22016   0.333464
      0.02   0.687047    0.22016   0.333464
      0.03   0.687047    0.22016   0.333464
      0.04   0.687047    0.22016   0.333464
      0.05   0.687047    0.22016   0.333464
      0.06   0.687047    0.22016   0.333464
      0.07   0.687047    0.22016   0.333464
      0.08   0.687047    0.22016   0.333464
      0.09   0.687047    0.22016   0.333464
       0.1   0.687047    0.22016   0.333464
      0.11   0.687047    0.22016   0.333464
      0.12   0.687047    0.22016   0.333464
      0.13   0.687047    0.22016   0.333464
      0.14   0.687047    0.22016   0.333464
      0.15   0.687047    0.22016   0.333464
      0.16   0.687047    0.22016   0.333464
      0.17   0.687047   0.220118   0.333415
      0.18   0.687047   0.220075   0.333366
      0.19   0.686836   0.219948   0.333195
       0.2   0.685851   0.219863   0.332982
      0.21   0.685781   0.219693   0.332779
      0.22   0.685288   0.219443   0.332434
      0.23   0.685007   0.219338    0.33228
      0.24   0.685007   0.219141   0.332054
      0.25   0.684725   0.218876   0.331717
      0.26   0.684514   0.218683   0.331471
      0.27   0.684092   0.218551    0.33127
      0.28   0.682615   0.218081   0.330556
      0.29   0.681559   0.217477   0.329739
       0.3   0.677901   0.216915   0.328663
      0.31    0.67593   0.216433   0.327879
      0.32   0.674242   0.215489   0.326597
      0.33   0.671216   0.214262   0.324833
      0.34   0.669317   0.213464   0.323693
      0.35   0.665799   0.212211   0.321842
      0.36   0.662633   0.211391   0.320528
      0.37   0.659678   0.210017   0.318603
      0.38   0.658411   0.209237   0.317557
      0.39   0.650109   0.207299   0.314359
       0.4   0.647576   0.206597   0.313256
      0.41   0.639063   0.205119   0.310559
      0.42   0.629776   0.202728   0.306721
      0.43   0.627806   0.201337   0.304894
      0.44   0.615071   0.199333   0.301089
      0.45   0.604869    0.19744   0.297704
      0.46   0.592486    0.19454   0.292906
      0.47   0.580666   0.192608   0.289266
      0.48   0.568423   0.189362   0.284085
      0.49   0.557096    0.18719   0.280222
       0.5   0.543094   0.183974   0.274844
      0.51   0.527686   0.179731   0.268134
      0.52   0.511222   0.176871   0.262814
      0.53   0.495603   0.171405   0.254716
      0.54   0.476465   0.168884   0.249376
      0.55   0.458735   0.166215   0.244016
      0.56   0.446352   0.163973   0.239839
      0.57   0.411947   0.159867   0.230344
      0.58     0.4028   0.158625   0.227614
      0.59   0.388869   0.155614   0.222279
       0.6   0.381763   0.154537   0.220013
      0.61    0.36354   0.152396   0.214763
      0.62    0.35158   0.150478   0.210753
      0.63   0.341167   0.149329   0.207733
      0.64   0.324351    0.14765   0.202925
      0.65   0.314853   0.146066   0.199555
      0.66   0.303244    0.14649   0.197548
      0.67   0.294801   0.146948   0.196132
      0.68   0.284669   0.149349   0.195914
      0.69   0.279462    0.15102   0.196079
       0.7   0.267713   0.152902   0.194638
      0.71   0.251741   0.155234   0.192045
      0.72   0.246887   0.154935    0.19039
      0.73    0.22796   0.155099     0.1846
      0.74   0.222613   0.155746   0.183271
      0.75   0.212059   0.155365   0.179338
      0.76   0.207416   0.156849   0.178623
      0.77   0.194118   0.154729     0.1722
      0.78   0.182016   0.152413   0.165905
      0.79   0.172729   0.144094   0.157117
       0.8   0.166327   0.142147   0.153289
      0.81   0.152747   0.137481   0.144712
      0.82   0.142264   0.131798   0.136831
      0.83   0.140435   0.128696   0.134309
      0.84   0.130514   0.124398   0.127383
      0.85   0.124534   0.120233   0.122346
      0.86   0.110673   0.111806   0.111237
      0.87   0.107226   0.109266   0.108236
      0.88    0.10019   0.104147    0.10213
      0.89   0.099205   0.101229   0.100207
       0.9  0.0922395  0.0903836  0.0913021
      0.91  0.0847112  0.0847937  0.0847524
      0.92  0.0821079   0.079693  0.0808825
      0.93  0.0744389  0.0740741   0.074256
      0.94  0.0726096  0.0711887  0.0718921
      0.95  0.0705692  0.0700361  0.0703016
      0.96  0.0686695  0.0696251   0.069144
      0.97  0.0640259  0.0651629  0.0645894
      0.98  0.0617041  0.0642606  0.0629564
      0.99  0.0615634  0.0660287  0.0637179
