         0          1   0.176689   0.300316
      0.01   0.902605   0.236505   0.374803
      0.02   0.902605   0.236505   0.374803
      0.03   0.902605   0.236505   0.374803
      0.04   0.902605   0.236505   0.374803
      0.05   0.902605   0.236505   0.374803
      0.06   0.902605   0.236505   0.374803
      0.07   0.902605   0.236505   0.374803
      0.08   0.902605   0.236505   0.374803
      0.09   0.902605   0.236505   0.374803
       0.1   0.902605   0.236551   0.374861
      0.11   0.902605   0.236563   0.374875
      0.12   0.902605   0.236586   0.374904
      0.13   0.902605   0.236655   0.374991
      0.14   0.902605   0.236724   0.375078
      0.15   0.902605   0.236872   0.375263
      0.16   0.902605   0.236962   0.375375
      0.17   0.902605   0.237144   0.375605
      0.18   0.902605   0.237411   0.375939
      0.19   0.902605   0.237748   0.376361
       0.2   0.902605   0.238105   0.376808
      0.21   0.902605     0.2384   0.377178
      0.22   0.902605   0.238984   0.377909
      0.23   0.902441   0.239334   0.378332
      0.24    0.90203   0.240274   0.379469
      0.25   0.900962   0.241076   0.380373
      0.26   0.894551   0.241934   0.380862
      0.27   0.894222   0.242253   0.381227
      0.28   0.892167    0.24331   0.382347
      0.29   0.890195   0.243976   0.382987
       0.3   0.889044   0.245795   0.385116
      0.31   0.886825   0.246679    0.38599
      0.32   0.884606   0.248025   0.387424
      0.33   0.879757   0.249515   0.388768
      0.34   0.879592    0.25059   0.390056
      0.35   0.875401   0.252049   0.391404
      0.36   0.872771   0.252617   0.391823
      0.37   0.861018   0.254008   0.392288
      0.38   0.858552   0.255134    0.39337
      0.39   0.849182   0.255327   0.392607
       0.4   0.837018   0.256997    0.39325
      0.41   0.829785   0.258599   0.394313
      0.42   0.824279   0.260589   0.395989
      0.43   0.818526   0.260134   0.394798
      0.44   0.811868   0.258942    0.39265
      0.45   0.801841   0.257334   0.389625
      0.46   0.784581     0.2565   0.386608
      0.47   0.771102   0.255873   0.384244
      0.48   0.748582   0.255349   0.380802
      0.49   0.733706   0.253179   0.376455
       0.5   0.718501   0.252021   0.373154
      0.51   0.697625   0.251162   0.369349
      0.52   0.689077    0.25093   0.367891
      0.53   0.676091   0.250827   0.365905
      0.54   0.669352   0.250388   0.364445
      0.55   0.656612   0.250731    0.36289
      0.56   0.651763   0.251758   0.363215
      0.57   0.638284   0.252572   0.361927
      0.58   0.625955   0.251046   0.358366
      0.59   0.606477   0.250795    0.35485
       0.6   0.589217   0.249946   0.350998
      0.61   0.568752   0.247942   0.345338
      0.62   0.546149   0.245773   0.338994
      0.63    0.53004   0.243911   0.334085
      0.64   0.503822   0.240306   0.325405
      0.65   0.494123   0.241184   0.324149
      0.66   0.475302    0.23945   0.318463
      0.67   0.469138   0.240104    0.31764
      0.68   0.459439   0.239495    0.31486
      0.69   0.448673   0.239279   0.312109
       0.7   0.432317   0.238297   0.307241
      0.71   0.418263   0.239798   0.304831
      0.72    0.41029   0.239935   0.302797
      0.73   0.388921    0.23909   0.296132
      0.74   0.384811   0.239655   0.295363
      0.75   0.380127   0.240481   0.294593
      0.76    0.36336   0.239993   0.289064
      0.77   0.359579   0.240538   0.288252
      0.78   0.357935   0.238357   0.286156
      0.79     0.3461   0.236108   0.280714
       0.8   0.337881   0.234215   0.276656
      0.81   0.332621   0.230836   0.272535
      0.82   0.326868   0.228346   0.268866
      0.83   0.324073   0.225081   0.265655
      0.84   0.318238   0.223992   0.262925
      0.85    0.31495    0.22093   0.259692
      0.86   0.304512   0.217671   0.253871
      0.87   0.301307   0.215515    0.25129
      0.88   0.281006   0.212441    0.24196
      0.89    0.27254   0.209256   0.236742
       0.9    0.25339   0.204174   0.226135
      0.91   0.244103   0.200317   0.220053
      0.92   0.239582   0.198825   0.217309
      0.93   0.219857   0.194198   0.206232
      0.94   0.212953    0.19289   0.202426
      0.95   0.208268   0.191971   0.199788
      0.96   0.201364   0.192075    0.19661
      0.97   0.189693   0.190985   0.190337
      0.98   0.189611   0.192386   0.190988
      0.99   0.182132   0.191021   0.186471
