         0          1   0.263807   0.417479
      0.01   0.886799   0.497234   0.637191
      0.02   0.886799   0.497234   0.637191
      0.03   0.886799   0.497234   0.637191
      0.04   0.886799   0.497234   0.637191
      0.05   0.886799   0.497234   0.637191
      0.06   0.886799   0.497234   0.637191
      0.07   0.886799   0.497234   0.637191
      0.08   0.886799   0.497234   0.637191
      0.09   0.886799   0.497269   0.637219
       0.1   0.886799   0.497269   0.637219
      0.11   0.886799   0.497373   0.637305
      0.12   0.886799   0.497478   0.637391
      0.13   0.886799   0.497582   0.637477
      0.14   0.886799   0.497791   0.637648
      0.15   0.886799   0.498001    0.63782
      0.16   0.886799   0.498176   0.637964
      0.17   0.886799   0.498701   0.638394
      0.18   0.886799   0.499578   0.639112
      0.19   0.886723   0.501696   0.640823
       0.2   0.886723   0.502514    0.64149
      0.21   0.886648   0.504594   0.643163
      0.22   0.886043   0.505583   0.643806
      0.23   0.885628   0.507226   0.645026
      0.24   0.885326   0.508799   0.646216
      0.25   0.884495   0.509754   0.646764
      0.26   0.884042   0.512285   0.648675
      0.27   0.883286   0.513925   0.649784
      0.28   0.881889   0.516919   0.651791
      0.29   0.881209   0.520039   0.654078
       0.3   0.880793   0.523277   0.656518
      0.31   0.880113   0.527572   0.659698
      0.32   0.879622    0.53039   0.661757
      0.33   0.878263    0.53488   0.664852
      0.34   0.876525   0.536829   0.665854
      0.35    0.87203   0.541026    0.66776
      0.36    0.87067   0.544713   0.670158
      0.37   0.869462   0.550526   0.674177
      0.38    0.86882   0.554863   0.677224
      0.39   0.862587   0.559993   0.679108
       0.4   0.860246   0.563575   0.681003
      0.41   0.856431   0.566993   0.682285
      0.42   0.851822   0.572907   0.685063
      0.43   0.850312   0.576744   0.687306
      0.44   0.838867   0.581069   0.686566
      0.45   0.833617   0.584185    0.68696
      0.46   0.825005   0.590058   0.688027
      0.47   0.819339   0.592137   0.687452
      0.48   0.809556   0.595461   0.686197
      0.49   0.798489   0.597844   0.683751
       0.5   0.785534   0.602417   0.681895
      0.51   0.774089   0.604808   0.679058
      0.52   0.766874   0.608095   0.678317
      0.53   0.749273   0.610566   0.672845
      0.54   0.743456   0.612584   0.671705
      0.55   0.731407    0.61525   0.668319
      0.56   0.719811   0.616221      0.664
      0.57   0.701983    0.61943   0.658128
      0.58   0.694051   0.622478   0.656319
      0.59   0.686421   0.627629    0.65571
       0.6   0.672181   0.630668   0.650763
      0.61   0.661416   0.634477   0.647667
      0.62   0.647403   0.633927   0.640594
      0.63   0.634599   0.637301   0.635947
      0.64   0.616771   0.638817     0.6276
      0.65   0.603551   0.639195   0.620862
      0.66   0.583985   0.639484   0.610476
      0.67   0.572691   0.642594   0.605632
      0.68     0.5583   0.645356    0.59868
      0.69   0.545382    0.64772   0.592162
       0.7    0.52865   0.652808   0.584205
      0.71   0.508782   0.651634   0.571415
      0.72   0.490652   0.647682   0.558336
      0.73   0.471048   0.642254   0.543487
      0.74   0.453296   0.636873   0.529628
      0.75   0.431728   0.628921   0.511994
      0.76   0.419188   0.622237   0.500918
      0.77   0.399396   0.608262   0.482182
      0.78   0.379679   0.595126   0.463594
      0.79    0.35305   0.577967   0.438341
       0.8   0.343267   0.566357   0.427455
      0.81   0.315996   0.549338   0.401206
      0.82   0.298093   0.529946   0.381559
      0.83   0.287214   0.522145   0.370583
      0.84   0.263343    0.50664   0.346553
      0.85   0.256695   0.495441   0.338176
      0.86   0.250274   0.479001   0.328769
      0.87   0.245703    0.46978   0.322653
      0.88   0.235958    0.45711   0.311251
      0.89   0.230822     0.4559   0.306475
       0.9   0.224703   0.445431   0.298715
      0.91   0.218621   0.435254   0.291052
      0.92   0.214089   0.425279   0.284805
      0.93    0.20068    0.40673   0.268756
      0.94   0.194825   0.396694   0.261314
      0.95   0.191086   0.387394   0.255931
      0.96   0.183456   0.380315   0.247516
      0.97   0.176166   0.372924   0.239292
      0.98   0.174731   0.383865   0.240149
      0.99   0.168234    0.38873   0.234836
