         0          1   0.181029   0.306561
      0.01   0.850495   0.248772   0.384946
      0.02   0.850495   0.248772   0.384946
      0.03   0.850495   0.248772   0.384946
      0.04   0.850495   0.248772   0.384946
      0.05   0.850495   0.248772   0.384946
      0.06   0.850495   0.248772   0.384946
      0.07   0.850495   0.248772   0.384946
      0.08   0.850495   0.248787   0.384964
      0.09   0.850495   0.248787   0.384964
       0.1   0.850495   0.248787   0.384964
      0.11   0.850495   0.248846   0.385035
      0.12   0.850495    0.24889   0.385087
      0.13   0.850495   0.249096   0.385334
      0.14   0.850495     0.2492   0.385458
      0.15   0.850495   0.249466   0.385776
      0.16   0.850495   0.249822   0.386202
      0.17   0.850495   0.250581   0.387109
      0.18   0.850065   0.251137   0.387726
      0.19   0.849957   0.252058   0.388813
       0.2   0.849634   0.252792   0.389651
      0.21   0.849634   0.253698   0.390726
      0.22   0.847372   0.254394    0.39131
      0.23   0.847049   0.255107   0.392119
      0.24   0.838324   0.255878   0.392083
      0.25   0.836385   0.257006   0.393191
      0.26   0.832508   0.258537   0.394546
      0.27   0.828199   0.259596    0.39529
      0.28   0.825722   0.261616   0.397341
      0.29   0.821629   0.262592   0.397987
       0.3   0.813981   0.265306   0.400179
      0.31   0.805903   0.267182   0.401315
      0.32   0.800086   0.268405   0.401964
      0.33   0.788561   0.270614   0.402947
      0.34   0.780159   0.271455   0.402768
      0.35   0.759048   0.273347   0.401945
      0.36    0.75517   0.275347   0.403552
      0.37   0.738044   0.277829   0.403693
      0.38   0.724795   0.280097    0.40405
      0.39   0.713809   0.282058   0.404342
       0.4    0.71047   0.283633   0.405416
      0.41   0.693343   0.285673   0.404629
      0.42   0.678479   0.289233   0.405572
      0.43   0.669539   0.291421    0.40609
      0.44   0.658983   0.297776   0.410196
      0.45   0.649397   0.300604    0.41097
      0.46   0.634748   0.306162    0.41308
      0.47   0.620638   0.308963   0.412552
      0.48   0.610836   0.314916    0.41558
      0.49    0.60642   0.319375   0.418398
       0.5   0.599634   0.326105    0.42246
      0.51   0.590801   0.330733    0.42407
      0.52   0.583585   0.333385   0.424351
      0.53   0.568936   0.336807   0.423126
      0.54   0.559996   0.338425   0.421888
      0.55   0.542654   0.343177   0.420456
      0.56   0.527682   0.345882   0.417864
      0.57   0.520573   0.351548   0.419681
      0.58   0.510879   0.354906   0.418843
      0.59   0.499138   0.360437   0.418597
       0.6   0.488906   0.364649   0.417733
      0.61    0.48115   0.370334   0.418531
      0.62   0.476088   0.375973   0.420149
      0.63   0.471456   0.379989    0.42081
      0.64   0.459069   0.381601   0.416766
      0.65   0.452499   0.384751   0.415884
      0.66   0.439466   0.390872   0.413747
      0.67   0.423201   0.396056   0.409179
      0.68   0.415554   0.402518   0.408932
      0.69   0.407906    0.40856   0.408233
       0.7   0.403059   0.415949   0.409403
      0.71   0.395411   0.429609   0.411801
      0.72   0.390888   0.433361    0.41103
      0.73   0.376885   0.437751   0.405044
      0.74   0.369991   0.440432    0.40215
      0.75   0.340694   0.448555   0.387254
      0.76   0.335631   0.455026   0.386314
      0.77   0.322813   0.461978   0.380057
      0.78   0.312581    0.46977   0.375384
      0.79   0.298901   0.482322   0.369079
       0.8   0.291469   0.489709   0.365435
      0.81   0.284468    0.49961   0.362523
      0.82    0.27305    0.50339   0.354054
      0.83   0.265726   0.521938   0.352162
      0.84   0.257001   0.533797   0.346957
      0.85   0.251293   0.536611   0.342291
      0.86   0.238583    0.56106   0.334797
      0.87   0.233197   0.571252   0.331194
      0.88   0.222641    0.58011   0.321784
      0.89   0.207777   0.564688   0.303778
       0.9   0.187312   0.562925   0.281091
      0.91   0.179449   0.582692   0.274394
      0.92   0.175463   0.588486   0.270326
      0.93   0.150474   0.581114   0.239049
      0.94   0.133025   0.563307   0.215224
      0.95   0.122146   0.554622   0.200201
      0.96   0.111913   0.537538   0.185256
      0.97  0.0995261   0.505017   0.166282
      0.98  0.0885394   0.480287   0.149516
      0.99  0.0792762   0.442231    0.13445
