         0          1   0.235879   0.381719
      0.01   0.759274    0.32281   0.453017
      0.02   0.759274    0.32281   0.453017
      0.03   0.759274    0.32281   0.453017
      0.04   0.759274    0.32281   0.453017
      0.05   0.759274    0.32281   0.453017
      0.06   0.759274    0.32281   0.453017
      0.07   0.759274    0.32281   0.453017
      0.08   0.759274    0.32281   0.453017
      0.09   0.759274   0.322834    0.45304
       0.1   0.759274   0.322831   0.453038
      0.11   0.759274   0.322878   0.453084
      0.12   0.759274   0.322924   0.453129
      0.13   0.759274   0.322968   0.453173
      0.14   0.759274   0.322966   0.453171
      0.15   0.759203   0.323027   0.453218
      0.16   0.759132   0.323139   0.453316
      0.17   0.759062   0.323434   0.453593
      0.18   0.759062   0.323996   0.454145
      0.19    0.75885   0.324507   0.454609
       0.2   0.758496   0.324967   0.454997
      0.21   0.758426   0.325981   0.455977
      0.22   0.758143   0.327239   0.457155
      0.23   0.758143   0.328177   0.458069
      0.24   0.758002    0.33061   0.460408
      0.25   0.758002   0.332262   0.462008
      0.26    0.75779   0.335297   0.464894
      0.27    0.75673   0.337703      0.467
      0.28   0.756447   0.341567   0.470627
      0.29   0.755317   0.343638   0.472368
       0.3   0.751219   0.347868   0.475531
      0.31   0.748958   0.352664   0.479531
      0.32   0.745425   0.355413   0.481331
      0.33   0.744224   0.361051   0.486218
      0.34   0.743023    0.36539   0.489877
      0.35   0.741398   0.372985   0.496293
      0.36   0.738713   0.378096   0.500183
      0.37   0.735533   0.385516   0.505882
      0.38   0.732142   0.389953   0.508871
      0.39   0.729527   0.398316   0.515288
       0.4   0.725641   0.403507   0.518623
      0.41   0.722886    0.41194   0.524813
      0.42   0.717304    0.42057   0.530246
      0.43   0.710945    0.42566     0.5325
      0.44   0.695612   0.434182    0.53465
      0.45   0.689394   0.437573   0.535349
      0.46   0.679149   0.443194   0.536369
      0.47   0.672932   0.445936   0.536407
      0.48   0.660779   0.450149   0.535497
      0.49   0.653077   0.451716   0.534046
       0.5    0.63944    0.45432   0.531214
      0.51   0.627853   0.459599   0.530709
      0.52   0.614781   0.462955   0.528174
      0.53    0.59422   0.468942     0.5242
      0.54   0.576203   0.472762   0.519382
      0.55   0.562284   0.478354   0.516934
      0.56   0.552957   0.482413   0.515282
      0.57   0.538402   0.487628   0.511759
      0.58   0.531901   0.491489   0.510897
      0.59   0.523423   0.497352   0.510055
       0.6   0.518689   0.500583   0.509475
      0.61   0.512542    0.52352   0.517972
      0.62   0.500318   0.529128    0.51432
      0.63   0.496291   0.532655    0.51383
      0.64   0.486328   0.538865    0.51125
      0.65   0.481947   0.543799   0.511008
      0.66   0.471985   0.543512   0.505229
      0.67   0.450223   0.541868   0.491812
      0.68   0.434396   0.541057   0.481895
      0.69   0.416166   0.537101   0.468963
       0.7   0.394051   0.534288   0.453577
      0.71   0.369604   0.530396   0.435636
      0.72   0.358935   0.529372   0.427803
      0.73   0.340423    0.52896   0.414248
      0.74   0.326927   0.525224   0.403003
      0.75   0.313573   0.523282   0.392152
      0.76    0.31004   0.523594   0.389464
      0.77   0.301138   0.518968   0.381123
      0.78   0.295061   0.520908   0.376729
      0.79   0.291316   0.522718   0.374127
       0.8   0.288349    0.52232    0.37157
      0.81   0.280577   0.523686   0.365388
      0.82   0.273652   0.526083   0.360029
      0.83   0.272027   0.526221   0.358651
      0.84   0.270261   0.530911   0.358186
      0.85   0.268848   0.530288   0.356802
      0.86   0.264114    0.52886   0.352292
      0.87   0.261711   0.526422   0.349612
      0.88   0.252031   0.520921   0.339706
      0.89    0.24652   0.516578   0.333763
       0.9   0.234014   0.510779   0.320974
      0.91   0.212676   0.500573   0.298521
      0.92   0.207235   0.495892   0.292312
      0.93   0.199675   0.486536   0.283146
      0.94   0.191761   0.474619   0.273158
      0.95    0.17756    0.45498   0.255434
      0.96   0.173673   0.458958   0.251991
      0.97   0.165265   0.455438   0.242525
      0.98   0.161732   0.452918   0.238352
      0.99   0.153748   0.448613    0.22901
