         0          1   0.265439    0.41952
      0.01   0.861935   0.410045   0.555719
      0.02   0.861935   0.410045   0.555719
      0.03   0.861935   0.410045   0.555719
      0.04   0.861935   0.410045   0.555719
      0.05   0.861935   0.410045   0.555719
      0.06   0.861935   0.410045   0.555719
      0.07   0.861935   0.410045   0.555719
      0.08   0.861935   0.410067    0.55574
      0.09   0.861935   0.410089    0.55576
       0.1   0.861935   0.410111   0.555781
      0.11   0.861935   0.410178   0.555842
      0.12   0.861935   0.410191   0.555854
      0.13   0.861935   0.410414   0.556059
      0.14   0.861935    0.41065   0.556275
      0.15   0.861816   0.411238    0.55679
      0.16   0.861776   0.411707   0.557211
      0.17   0.861576   0.413276   0.558604
      0.18   0.861536   0.414449   0.559666
      0.19   0.861256   0.416445   0.561423
       0.2   0.861256   0.417795   0.562649
      0.21   0.860897    0.42057   0.565083
      0.22   0.860378    0.42427     0.5683
      0.23   0.859779   0.426128   0.569833
      0.24   0.858341   0.429705   0.572702
      0.25   0.857023   0.432258    0.57467
      0.26    0.85287    0.43628   0.577265
      0.27   0.849754   0.439394   0.579261
      0.28   0.844403   0.444507   0.582419
      0.29   0.840489   0.446818   0.583459
       0.3   0.834898   0.450445   0.585175
      0.31   0.829346    0.45532   0.587885
      0.32   0.821678   0.458212   0.588336
      0.33    0.81385    0.46306   0.590271
      0.34   0.805144    0.46575   0.590129
      0.35   0.797077   0.469274   0.590748
      0.36   0.786533   0.470531   0.588813
      0.37   0.770079   0.472648   0.585771
      0.38   0.765326   0.474305   0.585655
      0.39   0.753664   0.477712   0.584768
       0.4   0.742122   0.479564   0.582629
      0.41   0.729582     0.4822    0.58064
      0.42   0.719637   0.484362   0.579012
      0.43   0.710851   0.486632    0.57775
      0.44   0.691881   0.489019   0.573026
      0.45   0.681736   0.491499   0.571194
      0.46   0.663685   0.495404   0.567329
      0.47   0.658013   0.498097   0.566995
      0.48    0.64771   0.503513    0.56658
      0.49   0.639482   0.504805   0.564218
       0.5   0.617996   0.505795   0.556294
      0.51   0.603059   0.506463   0.550556
      0.52   0.587963   0.507103   0.544548
      0.53   0.567914   0.507233   0.535861
      0.54   0.558808   0.508134   0.532268
      0.55   0.552458    0.51089   0.530861
      0.56   0.537841   0.509037   0.523043
      0.57   0.528895      0.508   0.518237
      0.58   0.522944   0.506751    0.51472
      0.59   0.511043   0.503405   0.507195
       0.6   0.498662    0.50171   0.500181
      0.61   0.490195   0.501517   0.495791
      0.62   0.478054   0.502539   0.489991
      0.63   0.473781    0.50205   0.487506
      0.64   0.465514   0.500617   0.482428
      0.65   0.457486   0.501288   0.478386
      0.66   0.443748   0.503766   0.471856
      0.67   0.432086   0.505502    0.46592
      0.68    0.42318   0.506579   0.461139
      0.69   0.416111   0.505016   0.456273
       0.7   0.405647   0.506724   0.450587
      0.71   0.387635   0.496153   0.435232
      0.72   0.381086   0.490158   0.428794
      0.73   0.356843   0.480348   0.409486
      0.74   0.343983   0.475458   0.399173
      0.75   0.325532   0.463922   0.382597
      0.76   0.318823   0.459482   0.376442
      0.77    0.29506   0.445239   0.354916
      0.78   0.284916   0.440765   0.346105
      0.79   0.273933   0.439417    0.33748
       0.8   0.267543   0.438845   0.332423
      0.81   0.252606   0.429448   0.318101
      0.82    0.24366   0.425369   0.309838
      0.83    0.23699   0.424908   0.304274
      0.84   0.227565   0.422608   0.295831
      0.85   0.223411   0.422031   0.292161
      0.86   0.218299   0.424011   0.288214
      0.87   0.206558   0.421626   0.277276
      0.88   0.195735   0.419877   0.267001
      0.89   0.191981   0.421178   0.263743
       0.9   0.181876   0.419764    0.25379
      0.91   0.174488   0.422142   0.246916
      0.92    0.17317   0.425373   0.246137
      0.93    0.15995   0.417925   0.231355
      0.94   0.152402   0.411827   0.222475
      0.95   0.148089   0.408277   0.217344
      0.96   0.143416    0.40676   0.212063
      0.97   0.135269   0.396985   0.201782
      0.98   0.130916   0.399204   0.197171
      0.99   0.122449   0.401439   0.187658
