         0          1    0.32957   0.495755
      0.01   0.914603   0.528021   0.669516
      0.02   0.914603   0.528021   0.669516
      0.03   0.914603   0.528021   0.669516
      0.04   0.914603   0.528021   0.669516
      0.05   0.914603   0.528021   0.669516
      0.06   0.914603   0.528021   0.669516
      0.07   0.914603   0.528021   0.669516
      0.08   0.914603   0.528021   0.669516
      0.09   0.914603   0.528021   0.669516
       0.1   0.914603   0.528021   0.669516
      0.11   0.914603   0.528021   0.669516
      0.12   0.914603   0.528021   0.669516
      0.13   0.914603   0.528108   0.669585
      0.14   0.914603   0.528252   0.669701
      0.15   0.914603   0.528545   0.669936
      0.16    0.91456   0.528809   0.670137
      0.17    0.91456   0.529447    0.67065
      0.18   0.914518   0.529948    0.67104
      0.19   0.914433   0.531107   0.671945
       0.2    0.91405   0.532181     0.6727
      0.21   0.913156   0.533919   0.673844
      0.22   0.911029    0.53608   0.674979
      0.23   0.910646   0.537145   0.675718
      0.24   0.908646   0.540643   0.677923
      0.25   0.906774    0.54396   0.679999
      0.26   0.904902   0.548974    0.68337
      0.27    0.90337   0.551897    0.68519
      0.28   0.895796   0.557809   0.687508
      0.29    0.89286   0.563311   0.690795
       0.3   0.888563   0.572313   0.696207
      0.31   0.884946   0.581343   0.701713
      0.32   0.882265   0.586926   0.704911
      0.33   0.878393    0.59454   0.709116
      0.34   0.874138   0.599196   0.711013
      0.35   0.868735   0.607903   0.715282
      0.36    0.86665   0.614277   0.718959
      0.37   0.862565   0.624326   0.724359
      0.38   0.860097    0.63074   0.727776
      0.39     0.8538   0.637782   0.730149
       0.4   0.848821   0.642982   0.731701
      0.41   0.842822   0.652106   0.735299
      0.42   0.833035   0.662344   0.737948
      0.43     0.8281   0.666777   0.738734
      0.44   0.816696    0.67187   0.737238
      0.45   0.808399   0.675888   0.736229
      0.46    0.80057   0.682637   0.736915
      0.47   0.794869   0.686653   0.736809
      0.48   0.786359   0.692182   0.736271
      0.49   0.781465   0.695601   0.736037
       0.5   0.769934   0.699044   0.732779
      0.51   0.756361   0.702616   0.728499
      0.52   0.747043   0.703366   0.724547
      0.53   0.728066   0.707538   0.717655
      0.54   0.717599   0.708053   0.712794
      0.55   0.701685   0.709833   0.705735
      0.56   0.693558   0.709851    0.70161
      0.57   0.682367    0.71085   0.696317
      0.58   0.674709   0.711509    0.69262
      0.59   0.660199   0.711975    0.68511
       0.6   0.648328   0.712645   0.678967
      0.61   0.635946   0.715916   0.673566
      0.62   0.623181   0.720223   0.668197
      0.63   0.618203   0.722298   0.666208
      0.64   0.604289   0.722774   0.658242
      0.65   0.597268   0.728524   0.656399
      0.66   0.587737   0.737293   0.654075
      0.67   0.575908   0.742631   0.648729
      0.68   0.556633   0.751195   0.639442
      0.69   0.547187   0.756468    0.63503
       0.7   0.535274   0.762663    0.62905
      0.71   0.520211   0.770897   0.621217
      0.72   0.510425   0.775311   0.615582
      0.73   0.498681   0.780501   0.608547
      0.74   0.492894   0.780783   0.604303
      0.75   0.480214   0.782371   0.595137
      0.76   0.471534   0.785714   0.589368
      0.77   0.452089   0.793324   0.575959
      0.78   0.446005   0.795105   0.571457
      0.79   0.427581   0.799475   0.557171
       0.8   0.408604   0.802293    0.54145
      0.81    0.38401    0.80588   0.520159
      0.82   0.354736   0.806069   0.492661
      0.83   0.338524   0.803625   0.476377
      0.84   0.309208   0.796544   0.445484
      0.85    0.29789   0.792531    0.43302
      0.86   0.268828   0.783465   0.400302
      0.87   0.249936   0.771388   0.377545
      0.88   0.229938   0.756634   0.352694
      0.89   0.224577   0.750396   0.345695
       0.9   0.206663   0.737382   0.322844
      0.91   0.194749   0.722377    0.30679
      0.92   0.187261   0.713307   0.296645
      0.93   0.176964   0.697479   0.282302
      0.94   0.168028   0.683915   0.269776
      0.95   0.159263   0.665854   0.257045
      0.96   0.150455   0.649871   0.244342
      0.97   0.138286   0.629371    0.22675
      0.98   0.132499   0.610294   0.217728
      0.99   0.119479   0.583067    0.19832
