         0          1   0.256164   0.407851
      0.01   0.892455   0.467354   0.613457
      0.02   0.892455   0.467354   0.613457
      0.03   0.892455   0.467354   0.613457
      0.04   0.892455   0.467354   0.613457
      0.05   0.892455   0.467354   0.613457
      0.06   0.892455   0.467354   0.613457
      0.07   0.892455   0.467354   0.613457
      0.08   0.892455   0.467354   0.613457
      0.09   0.892455   0.467354   0.613457
       0.1   0.892455   0.467354   0.613457
      0.11   0.892455   0.467354   0.613457
      0.12   0.892455   0.467354   0.613457
      0.13   0.892455   0.467354   0.613457
      0.14   0.892455   0.467414   0.613509
      0.15   0.892455   0.467534   0.613613
      0.16   0.892397   0.467681   0.613725
      0.17   0.892397   0.467827   0.613851
      0.18   0.892165    0.46794   0.613893
      0.19   0.892165    0.46835   0.614246
       0.2   0.892165   0.468762     0.6146
      0.21   0.891178   0.469398   0.614912
      0.22   0.891178   0.470676   0.616008
      0.23   0.891062   0.471674   0.616833
      0.24   0.890424   0.472951   0.617771
      0.25    0.89025   0.474434   0.618993
      0.26   0.890017   0.476596   0.620774
      0.27   0.889553   0.478411   0.622197
      0.28   0.889031   0.481419   0.624607
      0.29   0.888973   0.483486    0.62633
       0.3   0.887115   0.486856   0.628685
      0.31   0.885316   0.491304   0.631924
      0.32   0.883401   0.494042   0.633692
      0.33   0.882182   0.498587   0.637101
      0.34   0.880557   0.501392   0.638959
      0.35   0.876611   0.505575   0.641292
      0.36   0.872896   0.508048   0.642275
      0.37   0.869008    0.51243   0.644699
      0.38   0.867034   0.515783   0.646798
      0.39   0.860186   0.520226   0.648344
       0.4   0.857342   0.522699   0.649447
      0.41   0.851364   0.526746   0.650822
      0.42   0.845502    0.53058   0.652005
      0.43   0.839756   0.532572   0.651784
      0.44    0.83076   0.534884    0.65077
      0.45    0.82484   0.535801    0.64962
      0.46   0.816947   0.539511   0.649857
      0.47   0.811376   0.542311   0.650103
      0.48   0.803889   0.547571   0.651423
      0.49   0.798839   0.550802   0.652028
       0.5   0.791352   0.554951   0.652396
      0.51   0.783111   0.559188   0.652472
      0.52   0.776785   0.560065   0.650859
      0.53   0.771909   0.562901   0.651042
      0.54   0.764771   0.563896   0.649149
      0.55   0.752002   0.565866   0.645789
      0.56   0.744109   0.568953   0.644848
      0.57   0.738712   0.571429    0.64439
      0.58   0.732211   0.572301   0.642455
      0.59   0.714626   0.575046   0.637282
       0.6   0.707197   0.576374   0.635119
      0.61   0.690308   0.577382   0.628815
      0.62   0.675276   0.577673   0.622673
      0.63   0.665409   0.578248   0.618774
      0.64    0.64852   0.579422   0.612027
      0.65   0.634417   0.580182   0.606089
      0.66   0.621474   0.585133   0.602756
      0.67   0.612885   0.587702   0.600029
      0.68   0.608183   0.592674   0.600329
      0.69   0.604063   0.596674   0.600346
       0.7   0.595705   0.603362   0.599509
      0.71   0.585665   0.609411   0.597302
      0.72   0.580789   0.618544   0.599073
      0.73   0.567499   0.628924   0.596634
      0.74   0.559663   0.635675   0.595252
      0.75   0.545676   0.647011   0.592039
      0.76   0.528555   0.648386    0.58237
      0.77   0.513233   0.652561   0.574571
      0.78   0.503656   0.654378   0.569209
      0.79   0.496808   0.659508   0.566711
       0.8   0.491759    0.66004   0.563606
      0.81   0.479687    0.66371   0.556889
      0.82   0.467266    0.66474   0.548779
      0.83   0.458677   0.667047   0.543577
      0.84   0.446721   0.667868   0.535355
      0.85   0.440395   0.667696   0.530732
      0.86   0.430934   0.669478   0.524351
      0.87   0.423796   0.671145   0.519532
      0.88   0.410795   0.669162   0.509073
      0.89   0.404411   0.669134   0.504134
       0.9   0.384794   0.663116   0.486994
      0.91   0.372548   0.655532   0.475094
      0.92   0.364306   0.653648   0.467856
      0.93   0.349042    0.64589   0.453182
      0.94   0.338015   0.633508   0.440824
      0.95   0.313407   0.616285    0.41551
      0.96   0.294893    0.60356   0.396204
      0.97   0.265525   0.589017   0.366041
      0.98   0.255369   0.578726   0.354368
      0.99   0.238828   0.563107   0.335403
