         0          1   0.382258   0.553092
      0.01   0.833888   0.515782   0.637348
      0.02   0.833888   0.515782   0.637348
      0.03   0.833888   0.515782   0.637348
      0.04   0.833888   0.515782   0.637348
      0.05   0.833888   0.515782   0.637348
      0.06   0.833888   0.515782   0.637348
      0.07   0.833888   0.515808   0.637368
      0.08   0.833888   0.515808   0.637368
      0.09   0.833888   0.515808   0.637368
       0.1   0.833888   0.515808   0.637368
      0.11   0.833888   0.515808   0.637368
      0.12   0.833888   0.515808   0.637368
      0.13   0.833888   0.515784   0.637349
      0.14   0.833888   0.515889   0.637429
      0.15   0.833888   0.515968   0.637489
      0.16   0.833852   0.515996     0.6375
      0.17   0.833709   0.516002   0.637463
      0.18   0.833709   0.516187   0.637604
      0.19   0.833709   0.516426   0.637786
       0.2   0.833673     0.5168   0.638062
      0.21   0.833673   0.517123   0.638308
      0.22   0.833602   0.517605   0.638654
      0.23    0.83353   0.517876   0.638839
      0.24   0.833315   0.518186   0.639011
      0.25    0.83328   0.518648   0.639352
      0.26    0.83328   0.519499   0.639998
      0.27   0.833244   0.520079   0.640427
      0.28   0.833208   0.520862   0.641011
      0.29   0.833208   0.521796   0.641717
       0.3   0.833208   0.522721   0.642416
      0.31   0.832743   0.523386   0.642779
      0.32   0.832099   0.523807   0.642905
      0.33   0.831669   0.524946   0.643633
      0.34   0.831454   0.525563   0.644032
      0.35   0.830882   0.527368   0.645213
      0.36   0.829342   0.528816    0.64583
      0.37   0.828841    0.53109    0.64737
      0.38   0.827982   0.532453   0.648119
      0.39   0.826551   0.535262   0.649754
       0.4   0.825298   0.537057   0.650685
      0.41   0.823616   0.539944   0.652273
      0.42   0.822291   0.543503   0.654444
      0.43   0.821003   0.545909   0.655774
      0.44   0.820466   0.550066   0.658592
      0.45    0.81907   0.553145    0.66034
      0.46   0.816457   0.556457   0.661838
      0.47   0.815097   0.559368   0.663443
      0.48   0.812305    0.56313   0.665147
      0.49   0.809979   0.565326   0.665892
       0.5   0.804252   0.569691   0.666949
      0.51   0.800458   0.573593   0.668297
      0.52   0.798919    0.57652   0.669739
      0.53    0.79398   0.580316   0.670539
      0.54   0.791582   0.582791   0.671327
      0.55    0.78836   0.586486   0.672602
      0.56    0.78564   0.588599   0.672993
      0.57   0.783385    0.59138   0.673975
      0.58   0.780916   0.593647   0.674525
      0.59   0.776406   0.596071   0.674391
       0.6   0.773793   0.598683   0.675067
      0.61   0.768352   0.602026   0.675095
      0.62   0.761695   0.605882   0.674912
      0.63   0.756362   0.609017   0.674739
      0.64   0.747342    0.61299   0.673532
      0.65   0.743727   0.616327    0.67406
      0.66   0.731057   0.622063    0.67217
      0.67   0.725259   0.624128   0.670904
      0.68   0.713161   0.626916   0.667263
      0.69    0.70611   0.628337   0.664957
       0.7   0.693726   0.630058   0.660361
      0.71   0.684563   0.634026   0.658326
      0.72   0.677834   0.635412   0.655937
      0.73   0.663732   0.640522    0.65192
      0.74   0.659508   0.642579   0.650934
      0.75   0.644046    0.64441   0.644228
      0.76   0.635456   0.645234   0.640307
      0.77   0.625971   0.645915   0.635787
      0.78   0.616486   0.645323   0.630575
      0.79   0.600523   0.646621    0.62272
       0.8   0.594474   0.647186   0.619711
      0.81   0.580801   0.650718   0.613775
      0.82   0.563692   0.651288   0.604333
      0.83   0.554565   0.652509   0.599563
      0.84   0.541358   0.655912   0.593155
      0.85   0.530155   0.655901   0.586362
      0.86   0.516268   0.657723   0.578473
      0.87   0.508179   0.660578   0.574442
      0.88   0.488958    0.66244    0.56263
      0.89   0.478722   0.664314    0.55645
       0.9   0.456387   0.667192   0.542014
      0.91   0.441426   0.672334   0.532944
      0.92   0.430617   0.673339   0.525295
      0.93   0.414045   0.675018   0.513263
      0.94   0.400873   0.677148   0.503609
      0.95   0.385841    0.67985   0.492289
      0.96   0.372418   0.684137   0.482294
      0.97     0.3576    0.68383   0.469619
      0.98   0.345181    0.68535   0.459122
      0.99   0.328716   0.689381   0.445165
