         0          1   0.173626   0.295879
      0.01   0.831975   0.497946   0.623012
      0.02   0.831975   0.497946   0.623012
      0.03   0.831975   0.497946   0.623012
      0.04   0.831975   0.497946   0.623012
      0.05   0.831975   0.497946   0.623012
      0.06   0.831975   0.497946   0.623012
      0.07   0.831975   0.497946   0.623012
      0.08   0.831975   0.497946   0.623012
      0.09   0.831975   0.497946   0.623012
       0.1   0.831684   0.498277    0.62319
      0.11    0.83149   0.498497   0.623307
      0.12   0.831296   0.499386   0.623947
      0.13   0.830908   0.503383   0.626947
      0.14    0.82858    0.50714   0.629183
      0.15    0.82596   0.511577   0.631821
      0.16    0.82499   0.515074   0.634195
      0.17   0.821207   0.521968   0.638254
      0.18   0.818393    0.52796   0.641851
      0.19   0.809856    0.53653    0.64545
       0.2   0.806946   0.546498   0.651663
      0.21   0.800931   0.562121   0.660606
      0.22   0.793849   0.574531   0.666614
      0.23   0.788126   0.581482   0.669215
      0.24   0.780947   0.586503     0.6699
      0.25   0.774932   0.588938   0.669253
      0.26   0.766395   0.591792   0.667871
      0.27   0.764261   0.594369   0.668693
      0.28   0.759992     0.5965   0.668393
      0.29   0.756209   0.598831   0.668381
       0.3   0.749903   0.601524   0.667568
      0.31   0.743888   0.604761   0.667148
      0.32   0.743209   0.606778     0.6681
      0.33   0.741657   0.607612   0.667976
      0.34   0.738359   0.607747   0.666716
      0.35   0.732538   0.609726   0.665513
      0.36   0.730113   0.610725   0.665104
      0.37   0.727396   0.611481   0.664421
      0.38   0.724583   0.611071   0.663003
      0.39    0.72109   0.610302   0.661087
       0.4   0.718083   0.609792   0.659522
      0.41   0.713426   0.610528   0.657979
      0.42   0.711971   0.610019   0.657064
      0.43   0.708867   0.609679   0.655542
      0.44   0.707897   0.610724    0.65573
      0.45   0.706733    0.61088    0.65532
      0.46   0.704889   0.611903   0.655113
      0.47   0.703143   0.611715   0.654251
      0.48     0.7013   0.612755   0.654044
      0.49   0.698681   0.614005   0.653612
       0.5   0.698487   0.614402   0.653752
      0.51   0.698196   0.615235   0.654095
      0.52   0.697808   0.616288   0.654519
      0.53   0.697128    0.61546   0.653754
      0.54   0.696934    0.61575   0.653832
      0.55   0.695479   0.614894   0.652709
      0.56   0.694412   0.614151    0.65182
      0.57   0.692181   0.612369   0.649833
      0.58   0.689853   0.612071   0.648638
      0.59   0.688688   0.610678   0.647341
       0.6   0.688203   0.609478   0.646453
      0.61   0.686263   0.608278   0.644921
      0.62   0.682868   0.607951   0.643235
      0.63    0.68248   0.608241   0.643225
      0.64   0.678793   0.608818   0.641904
      0.65   0.677435   0.607369   0.640491
      0.66   0.676271   0.606014   0.639218
      0.67   0.673846   0.604199   0.637125
      0.68   0.669092   0.602001   0.633776
      0.69   0.666764    0.59834   0.630701
       0.7   0.660652   0.594233   0.625685
      0.71   0.651339   0.591223   0.619827
      0.72   0.649884   0.588136    0.61747
      0.73   0.646779   0.583724   0.613636
      0.74   0.642996    0.57995   0.609848
      0.75   0.635623   0.571245   0.601717
      0.76   0.626698   0.566571   0.595119
      0.77   0.614959   0.557827   0.585001
      0.78   0.603997   0.554796   0.578352
      0.79    0.59352   0.549902   0.570879
       0.8   0.589542   0.544883   0.566333
      0.81   0.585856   0.536019    0.55983
      0.82   0.583527   0.528228   0.554502
      0.83   0.578968   0.520954   0.548431
      0.84   0.576057   0.512829   0.542607
      0.85   0.573632   0.505407   0.537363
      0.86   0.568685   0.495618   0.529643
      0.87   0.558304   0.487789    0.52067
      0.88   0.548603    0.47656    0.51005
      0.89   0.533275   0.468857   0.498996
       0.9   0.524641   0.466976   0.494132
      0.91   0.516589   0.478396    0.49676
      0.92   0.511156   0.491243   0.501002
      0.93   0.499806   0.496608   0.498202
      0.94   0.486709   0.498095   0.492336
      0.95   0.482829   0.489136   0.485962
      0.96   0.477687   0.480567   0.479123
      0.97   0.464591   0.473803   0.469151
      0.98   0.438106   0.473467   0.455101
      0.99   0.433935   0.468808   0.450698
