         0          1   0.331079    0.49746
      0.01   0.861065   0.416926    0.56182
      0.02   0.861065   0.416926    0.56182
      0.03   0.861065   0.416926    0.56182
      0.04   0.861065   0.416926    0.56182
      0.05   0.861065   0.416926    0.56182
      0.06   0.861065   0.416926    0.56182
      0.07   0.861065   0.416926    0.56182
      0.08   0.861065   0.416926    0.56182
      0.09   0.861065   0.416926    0.56182
       0.1   0.861065   0.416945   0.561837
      0.11   0.861065   0.416983   0.561872
      0.12   0.861065   0.416983   0.561872
      0.13   0.861065   0.417033   0.561917
      0.14   0.861065   0.417052   0.561934
      0.15   0.861065   0.416995   0.561882
      0.16   0.861065   0.417037    0.56192
      0.17   0.861065    0.41722   0.562087
      0.18   0.861065   0.417461   0.562305
      0.19   0.861024   0.417795   0.562599
       0.2   0.860941   0.417903    0.56268
      0.21   0.860775   0.418378   0.563074
      0.22   0.860733    0.41947   0.564053
      0.23   0.860319   0.419845   0.564303
      0.24   0.859904   0.420458   0.564768
      0.25   0.859282   0.421153    0.56526
      0.26   0.858535   0.422386   0.566207
      0.27   0.857872    0.42351   0.567071
      0.28   0.857208   0.425062   0.568315
      0.29   0.856627   0.426258   0.569255
       0.3   0.855591   0.427801   0.570398
      0.31   0.854346   0.429419   0.571557
      0.32    0.85331   0.430635     0.5724
      0.33   0.851568     0.4327   0.573827
      0.34   0.848499   0.434131   0.574382
      0.35   0.846052   0.436569   0.575946
      0.36   0.844642   0.438236   0.577065
      0.37   0.842692   0.441801   0.579688
      0.38   0.839997   0.443789   0.580753
      0.39   0.835103   0.447433   0.582678
       0.4   0.832656   0.450044   0.584286
      0.41     0.8249   0.453375   0.585146
      0.42   0.819385   0.456864   0.586637
      0.43   0.816523   0.459428   0.588006
      0.44   0.812998   0.462466   0.589564
      0.45   0.808684   0.466044   0.591315
      0.46   0.801883   0.470281   0.592864
      0.47   0.794584   0.473395   0.593309
      0.48   0.787948   0.476756   0.594066
      0.49   0.780483   0.479224    0.59383
       0.5    0.77252   0.483337   0.594634
      0.51   0.761405   0.487512   0.594426
      0.52   0.755226    0.48963   0.594095
      0.53   0.745645   0.494144   0.594385
      0.54   0.735484   0.497938   0.593837
      0.55    0.72889   0.503064   0.595279
      0.56   0.723042   0.506107   0.595431
      0.57   0.715826   0.512285   0.597189
      0.58   0.712384   0.516592   0.598892
      0.59   0.704131   0.521127   0.598962
       0.6    0.69538   0.523305   0.597194
      0.61   0.682399   0.528061   0.595391
      0.62   0.668215   0.534756   0.594082
      0.63   0.660335   0.542304   0.595527
      0.64   0.642004   0.551795   0.593491
      0.65   0.628981   0.556945   0.590775
      0.66   0.621143   0.563746   0.591054
      0.67   0.614217   0.567937   0.590171
      0.68   0.598955   0.575793   0.587145
      0.69   0.595098   0.579753   0.587325
       0.7   0.581785   0.582379   0.582082
      0.71   0.571375   0.585767   0.578481
      0.72   0.562583   0.586963   0.574515
      0.73   0.549104   0.592629   0.570037
      0.74   0.537575   0.595936   0.565253
      0.75   0.521359   0.599063   0.557516
      0.76   0.508295    0.59966    0.55021
      0.77   0.491208   0.596771   0.538868
      0.78   0.481171   0.597936   0.533236
      0.79   0.466158   0.600728   0.524956
       0.8   0.458237   0.602776   0.520661
      0.81   0.440237   0.603489   0.509096
      0.82   0.420081   0.605562    0.49605
      0.83   0.410999   0.604972   0.489468
      0.84   0.391672   0.604922   0.475482
      0.85   0.384622   0.604635   0.470163
      0.86   0.363263   0.600446   0.452667
      0.87   0.355964    0.59827   0.446353
      0.88   0.340038   0.605049   0.435388
      0.89   0.330375   0.608102   0.428144
       0.9   0.317892   0.605793   0.416974
      0.91   0.307399    0.61256   0.409367
      0.92   0.292883    0.61439   0.396671
      0.93    0.28463   0.617772   0.389708
      0.94   0.276004   0.616871   0.381372
      0.95   0.262276   0.614306   0.367604
      0.96    0.25112    0.61226    0.35616
      0.97   0.236563   0.611067   0.341082
      0.98   0.225572   0.610313   0.329399
      0.99   0.215411    0.61659    0.31928
