         0          1   0.339259   0.506637
      0.01   0.792269   0.642366   0.709486
      0.02   0.792269   0.642366   0.709486
      0.03   0.792269   0.642366   0.709486
      0.04   0.792269   0.642366   0.709486
      0.05   0.792269   0.642366   0.709486
      0.06   0.792269   0.642366   0.709486
      0.07   0.792269   0.642366   0.709486
      0.08   0.792269   0.642366   0.709486
      0.09   0.792269   0.642366   0.709486
       0.1   0.792269   0.642413   0.709514
      0.11   0.792269   0.642413   0.709514
      0.12   0.792269    0.64246   0.709543
      0.13   0.792269   0.642669   0.709671
      0.14   0.792269   0.642904   0.709814
      0.15   0.792269   0.643245   0.710022
      0.16   0.792269   0.643681   0.710287
      0.17   0.792269   0.644929   0.711046
      0.18   0.792076   0.645982   0.711608
      0.19   0.792037   0.648446   0.713085
       0.2   0.791921   0.650097   0.714035
      0.21   0.791921   0.653232   0.715922
      0.22   0.791496   0.655786   0.717278
      0.23   0.791225   0.657759   0.718346
      0.24   0.789988   0.660318   0.719357
      0.25   0.789447   0.662053   0.720159
      0.26   0.788404   0.665126   0.721537
      0.27   0.787476   0.666873   0.722174
      0.28   0.785504   0.669477   0.722864
      0.29   0.783031   0.671331   0.722891
       0.3   0.780943   0.674439   0.723794
      0.31    0.77472   0.676878   0.722502
      0.32   0.772439   0.679658   0.723085
      0.33    0.77012   0.683442   0.724197
      0.34   0.767685   0.687996   0.725659
      0.35   0.764438   0.693049   0.726995
      0.36   0.761345    0.69575   0.727071
      0.37   0.756591   0.700388   0.727406
      0.38   0.753112    0.70371   0.727573
      0.39   0.745072   0.708086   0.726108
       0.4   0.740742   0.711835   0.726001
      0.41   0.735485   0.715463   0.725336
      0.42   0.725203   0.718968   0.722072
      0.43   0.718322   0.720636   0.719477
      0.44   0.712563   0.721771   0.717137
      0.45   0.707576   0.722504   0.714962
      0.46    0.69741   0.720642   0.708836
      0.47   0.692617   0.721022   0.706534
      0.48   0.680982   0.721652   0.700727
      0.49   0.674797   0.721414   0.697327
       0.5   0.661268   0.722801   0.690666
      0.51   0.649749   0.721685    0.68383
      0.52   0.642907   0.720214   0.679368
      0.53   0.631272   0.717812   0.671766
      0.54   0.624894   0.714797   0.666829
      0.55   0.609432   0.712034    0.65675
      0.56   0.593622   0.708421   0.645961
      0.57   0.582992   0.703248   0.637498
      0.58     0.5707   0.698681   0.628239
      0.59   0.556243     0.6889   0.615505
       0.6   0.547275   0.682779   0.607563
      0.61   0.526324   0.670183   0.589605
      0.62   0.508427   0.654271   0.572202
      0.63   0.489254   0.641341   0.555068
      0.64   0.450213   0.616667   0.520455
      0.65    0.43332   0.601944     0.5039
      0.66   0.405876   0.585018   0.479253
      0.67   0.391496    0.57592   0.466129
      0.68   0.371782   0.560914   0.447172
      0.69    0.36436   0.552876   0.439246
       0.7   0.352455    0.54315   0.427501
      0.71   0.340858   0.529301   0.414675
      0.72   0.334635   0.522461   0.407967
      0.73    0.31666   0.512195   0.391363
      0.74   0.311017   0.512755   0.387183
      0.75   0.298608   0.590515   0.396644
      0.76    0.28794   0.606015   0.390391
      0.77   0.275763   0.591295   0.376117
      0.78   0.255895   0.576262    0.35441
      0.79   0.235872   0.561652   0.332223
       0.8   0.229687   0.557117   0.325272
      0.81   0.218632   0.571619   0.316289
      0.82   0.206301   0.630126   0.310835
      0.83   0.198995   0.665175   0.306344
      0.84   0.189447   0.786064   0.305312
      0.85   0.178469   0.889894   0.297312
      0.86   0.161152    0.91196   0.273903
      0.87   0.159954   0.916522   0.272372
      0.88    0.14685   0.919847   0.253266
      0.89   0.137843   0.921844   0.239825
       0.9   0.123309    0.91886   0.217438
      0.91   0.113916   0.913669   0.202575
      0.92   0.110669   0.912281   0.197392
      0.93   0.104523   0.913747   0.187587
      0.94   0.102397   0.911111   0.184103
      0.95  0.0911094   0.908257   0.165606
      0.96  0.0855431   0.912621   0.156424
      0.97  0.0831078   0.914676   0.152371
      0.98  0.0811751   0.913669   0.149103
      0.99   0.074024   0.923077   0.137057
