         0          1   0.393948   0.565226
      0.01   0.899901   0.550646   0.683228
      0.02   0.899901   0.550646   0.683228
      0.03   0.899901   0.550646   0.683228
      0.04   0.899901   0.550646   0.683228
      0.05   0.899901   0.550646   0.683228
      0.06   0.899901   0.550646   0.683228
      0.07   0.899901   0.550646   0.683228
      0.08   0.899901   0.550646   0.683228
      0.09   0.899901   0.550646   0.683228
       0.1   0.899901   0.550646   0.683228
      0.11   0.899901   0.550646   0.683228
      0.12   0.899901   0.550674   0.683249
      0.13   0.899866   0.550821   0.683352
      0.14   0.899795   0.550854   0.683357
      0.15   0.899795   0.551052   0.683509
      0.16   0.899689   0.551227   0.683613
      0.17   0.899689   0.551503   0.683825
      0.18   0.899406   0.551694   0.683891
      0.19   0.899335   0.552572   0.684544
       0.2   0.899335   0.553146   0.684985
      0.21   0.899017   0.554358    0.68582
      0.22   0.897248   0.555365   0.686074
      0.23   0.897036   0.556345   0.686759
      0.24   0.895727   0.558092   0.687703
      0.25   0.893499   0.558792   0.687576
      0.26   0.891978   0.560508   0.688421
      0.27   0.889573   0.561521   0.688466
      0.28    0.88455    0.56317   0.688188
      0.29   0.880836   0.564507   0.688056
       0.3   0.876273   0.567882    0.68915
      0.31   0.866759   0.570537   0.688123
      0.32    0.85643    0.57325   0.686795
      0.33   0.840125   0.576864   0.684039
      0.34   0.830999   0.580416   0.683463
      0.35     0.8096   0.587146   0.680658
      0.36   0.794815   0.590138   0.677352
      0.37   0.777978   0.593549   0.673363
      0.38   0.763759   0.597069   0.670205
      0.39   0.748055   0.604326   0.668553
       0.4   0.732209   0.607414   0.663999
      0.41   0.703771   0.613173   0.655356
      0.42   0.667905   0.616296   0.641063
      0.43   0.642367     0.6192   0.630571
      0.44   0.619199   0.621321   0.620259
      0.45   0.599568   0.623877   0.611481
      0.46   0.579867   0.626038   0.602068
      0.47   0.561368   0.623261   0.590698
      0.48    0.53003   0.619518   0.571291
      0.49   0.510081   0.617718   0.558763
       0.5   0.485286   0.614104   0.542148
      0.51   0.463285   0.607062   0.525517
      0.52   0.448005   0.600918   0.513316
      0.53   0.414226   0.590633   0.486945
      0.54   0.400325   0.584288   0.475121
      0.55    0.38211   0.570992   0.457835
      0.56   0.370402   0.564208    0.44721
      0.57   0.352151   0.550658    0.42958
      0.58   0.342671   0.541117   0.419615
      0.59   0.327037   0.525456   0.403155
       0.6   0.315966   0.513356    0.39117
      0.61   0.295133   0.499558   0.371053
      0.62   0.277235   0.482221   0.352064
      0.63   0.257605    0.47141   0.333155
      0.64    0.24381   0.454887   0.317465
      0.65   0.231713   0.441467   0.303912
      0.66   0.213108    0.43099   0.285197
      0.67   0.204973   0.423297   0.276201
      0.68   0.192063   0.423431    0.26426
      0.69   0.184776   0.421227   0.256873
       0.7   0.177207   0.413718   0.248132
      0.71   0.160866   0.410689   0.231179
      0.72   0.152625   0.411361   0.222643
      0.73   0.142013   0.409784   0.210928
      0.74   0.134656   0.407202   0.202386
      0.75   0.126026   0.404255   0.192149
      0.76   0.123833   0.404515   0.189618
      0.77   0.118456   0.403664   0.183163
      0.78   0.112019   0.400522   0.175073
      0.79   0.105546   0.403779   0.167348
       0.8  0.0976938   0.407407   0.157597
      0.81  0.0916808   0.406396    0.14961
      0.82  0.0808574   0.411915    0.13518
      0.83  0.0776033    0.41129    0.13057
      0.84   0.074137   0.409176    0.12553
      0.85  0.0701047   0.407444   0.119626
      0.86  0.0607668    0.39834   0.105448
      0.87  0.0606254   0.398925   0.105255
      0.88  0.0558503   0.397523  0.0979404
      0.89  0.0543294    0.39718   0.095584
       0.9  0.0485993   0.402532  0.0867277
      0.91  0.0478919   0.406332  0.0856847
      0.92  0.0468308   0.400545  0.0838572
      0.93  0.0441072   0.392387  0.0793005
      0.94  0.0420557   0.396313  0.0760421
      0.95   0.041702   0.402619  0.0755761
      0.96  0.0405348   0.408547  0.0737521
      0.97  0.0356183   0.403377  0.0654567
      0.98  0.0338851   0.397177  0.0624429
      0.99  0.0312677   0.411504  0.0581192
