         0          1   0.310743   0.474148
      0.01   0.862431   0.511051   0.641794
      0.02   0.862431   0.511051   0.641794
      0.03   0.862431   0.511051   0.641794
      0.04   0.862431   0.511051   0.641794
      0.05   0.862431   0.511051   0.641794
      0.06   0.862431   0.511051   0.641794
      0.07   0.862431   0.511051   0.641794
      0.08   0.862431   0.511051   0.641794
      0.09   0.862431   0.511051   0.641794
       0.1   0.862431   0.511051   0.641794
      0.11   0.862431   0.511051   0.641794
      0.12   0.862431   0.511051   0.641794
      0.13   0.862391   0.511052   0.641784
      0.14   0.862351   0.511129   0.641833
      0.15   0.862231    0.51117   0.641832
      0.16   0.861068   0.511105   0.641458
      0.17   0.860987   0.511008    0.64136
      0.18   0.860747   0.510739   0.641081
      0.19   0.859383   0.510192   0.640272
       0.2   0.859183     0.5102   0.640223
      0.21   0.858782   0.510802   0.640585
      0.22    0.85814   0.511026   0.640582
      0.23   0.857739   0.511247   0.640644
      0.24   0.855773   0.511278    0.64012
      0.25   0.853367    0.51064   0.638946
      0.26   0.851322   0.510432   0.638209
      0.27   0.850479    0.51155   0.638845
      0.28   0.848273   0.513417   0.639673
      0.29   0.845827   0.514462   0.639785
       0.3   0.843701   0.517555   0.641557
      0.31   0.839169   0.520295   0.642335
      0.32   0.834075   0.523033    0.64291
      0.33   0.829704   0.529698   0.646597
      0.34   0.828099   0.534759    0.64986
      0.35   0.825893   0.542671   0.654976
      0.36   0.824289   0.547472    0.65795
      0.37   0.821562   0.553959    0.66173
      0.38   0.820359   0.559733   0.665437
      0.39    0.81707   0.565462   0.668371
       0.4   0.814503   0.571334   0.671585
      0.41   0.809008   0.580633   0.676055
      0.42   0.804797   0.590536   0.681216
      0.43    0.79854   0.596674   0.683003
      0.44   0.789436   0.605754   0.685504
      0.45   0.785104   0.612647   0.688236
      0.46   0.779208   0.619636   0.690321
      0.47   0.774556    0.62507    0.69183
      0.48   0.771347   0.634042   0.695987
      0.49   0.765171   0.639129   0.696493
       0.5   0.760237   0.646958   0.699038
      0.51   0.749368    0.65166   0.697107
      0.52   0.743031   0.657139   0.697451
      0.53   0.734127   0.663654   0.697114
      0.54   0.720651   0.664673   0.691531
      0.55   0.713352   0.668667   0.690287
      0.56   0.706253   0.671693   0.688539
      0.57   0.696065   0.674405   0.685064
      0.58   0.685437   0.676156   0.680765
      0.59   0.676453   0.680112   0.678277
       0.6   0.673244   0.682191   0.677688
      0.61   0.664982    0.68427   0.674488
      0.62    0.65684   0.687406   0.671776
      0.63   0.649701   0.686344    0.66752
      0.64   0.642482   0.687424   0.664194
      0.65   0.637709   0.687544    0.66169
      0.66   0.617334   0.687877   0.650699
      0.67   0.609273   0.688889   0.646639
      0.68   0.601813   0.688808   0.642378
      0.69   0.596599   0.687181   0.638694
       0.7   0.584687   0.682437   0.629791
      0.71    0.57478      0.676   0.621295
      0.72   0.566358   0.670254   0.613941
      0.73   0.553684      0.663   0.603431
      0.74   0.546465   0.657943   0.597045
      0.75   0.527574   0.649941   0.582399
      0.76   0.518309   0.646202   0.575233
      0.77   0.507239   0.639488   0.565738
      0.78   0.500301   0.634868   0.559608
      0.79   0.483175   0.627739   0.546051
       0.8   0.474552   0.625242   0.539573
      0.81   0.466129   0.620472   0.532339
      0.82    0.44764   0.618291   0.519305
      0.83   0.434845   0.613981   0.509115
      0.84   0.424859   0.616602   0.503079
      0.85   0.416957   0.611612   0.495866
      0.86   0.402519   0.606928   0.484027
      0.87    0.38816   0.605244   0.472983
      0.88   0.370353   0.603448   0.459003
      0.89   0.355072    0.60091   0.446381
       0.9   0.341997   0.595249   0.434407
      0.91   0.323467   0.583137   0.416115
      0.92   0.311154   0.574605     0.4037
      0.93   0.303092   0.565949   0.394768
      0.94   0.288974   0.555982   0.380291
      0.95   0.274576   0.541863   0.364467
      0.96   0.264068   0.536855   0.354007
      0.97   0.250511   0.523903   0.338949
      0.98   0.242891   0.514885   0.330074
      0.99   0.233987   0.500357   0.318862
