         0          1   0.172013   0.293534
      0.01    0.90971   0.365445   0.521425
      0.02    0.90971   0.365445   0.521425
      0.03    0.90971   0.365445   0.521425
      0.04    0.90971   0.365445   0.521425
      0.05    0.90971   0.365445   0.521425
      0.06    0.90971   0.365445   0.521425
      0.07    0.90971   0.365445   0.521425
      0.08    0.90971   0.365445   0.521425
      0.09    0.90971   0.365477   0.521457
       0.1    0.90971   0.365508    0.52149
      0.11    0.90971    0.36554   0.521522
      0.12    0.90971    0.36554   0.521522
      0.13    0.90971    0.36589   0.521878
      0.14    0.90971   0.366176   0.522169
      0.15    0.90971   0.366824   0.522827
      0.16    0.90971   0.367611   0.523626
      0.17   0.909567   0.369036   0.525047
      0.18   0.909208   0.370521   0.526487
      0.19   0.908993   0.373165   0.529115
       0.2   0.908419   0.375325   0.531184
      0.21   0.907989   0.378752   0.534533
      0.22   0.907272   0.383373   0.538992
      0.23   0.907272    0.38695   0.542517
      0.24   0.904403   0.391827   0.546769
      0.25   0.903041   0.395641    0.55022
      0.26   0.902037   0.401535   0.555702
      0.27   0.900316   0.405462   0.559121
      0.28   0.898164   0.414909   0.567609
      0.29   0.894291   0.420936   0.572432
       0.3   0.890777   0.428711    0.57884
      0.31   0.887478   0.437871   0.586413
      0.32   0.885255   0.445579   0.592787
      0.33   0.883391    0.45461   0.600296
      0.34   0.876004   0.461157   0.604228
      0.35   0.866036   0.470044   0.609357
      0.36    0.85994   0.475118   0.612068
      0.37   0.853701   0.482695   0.616699
      0.38    0.84739   0.487517   0.618945
      0.39   0.841939   0.495933   0.624193
       0.4   0.828887   0.500288   0.623969
      0.41   0.818775   0.508295   0.627215
      0.42   0.811532   0.516625   0.631338
      0.43   0.808663   0.523436   0.635514
      0.44   0.799627   0.531005   0.638202
      0.45    0.79224     0.5351   0.638763
      0.46   0.780694   0.539756   0.638244
      0.47   0.771873   0.542606   0.637245
      0.48   0.764056    0.55063    0.64002
      0.49    0.76004   0.554665   0.641311
       0.5   0.751649   0.558507   0.640842
      0.51   0.742398   0.560683    0.63887
      0.52   0.736661   0.561244   0.637099
      0.53   0.723609   0.564039   0.633937
      0.54   0.711847   0.565572   0.630335
      0.55   0.696213   0.568242   0.625752
      0.56   0.689185   0.571642   0.624935
      0.57   0.675559   0.573906   0.620598
      0.58   0.672045   0.570707   0.617244
      0.59    0.64422    0.56353   0.601179
       0.6   0.634251   0.562159   0.596033
      0.61   0.619048   0.557011   0.586393
      0.62   0.598035    0.55361   0.574966
      0.63   0.587995   0.547747   0.567158
      0.64   0.563468   0.537931   0.550404
      0.65   0.536073   0.532995   0.534529
      0.66   0.527754   0.527661   0.527707
      0.67    0.51298   0.520789   0.516855
      0.68   0.498566   0.515208    0.50675
      0.69   0.484438   0.511018   0.497373
       0.7   0.469664   0.502166   0.485372
      0.71   0.458548   0.495126   0.476136
      0.72   0.451449   0.494391   0.471945
      0.73   0.436388   0.486153   0.459928
      0.74   0.422978   0.477293   0.448497
      0.75   0.410284   0.467989   0.437241
      0.76   0.404116   0.463661   0.431846
      0.77   0.390706   0.453251   0.419661
      0.78   0.380522   0.449878   0.412304
      0.79   0.360155   0.439448    0.39587
       0.8   0.349613   0.426618   0.384296
      0.81    0.33068   0.406527   0.364702
      0.82   0.304862   0.385155   0.340337
      0.83   0.280336   0.373333   0.320219
      0.84   0.269435   0.366541   0.310575
      0.85   0.257172   0.360614   0.300232
      0.86   0.249139   0.351547   0.291614
      0.87   0.240749   0.341875   0.282535
      0.88   0.231928   0.332635   0.273299
      0.89   0.221601    0.31746   0.261007
       0.9   0.210772   0.305344   0.249393
      0.91   0.199369       0.28   0.232903
      0.92   0.192771   0.274559   0.226508
      0.93   0.184596   0.253357   0.213578
      0.94   0.161503   0.230181   0.189821
      0.95    0.14508   0.211155    0.17199
      0.96   0.131311   0.197544   0.157757
      0.97   0.116538   0.172932   0.139242
      0.98    0.10578   0.156493   0.126234
      0.99  0.0869191    0.14604   0.108978
