         0          1   0.171113   0.292223
      0.01   0.962564   0.372588   0.537227
      0.02   0.962564   0.372588   0.537227
      0.03   0.962564   0.372588   0.537227
      0.04   0.962564   0.372641   0.537282
      0.05   0.962564   0.372747   0.537392
      0.06   0.962564    0.37317   0.537832
      0.07   0.962564   0.373383   0.538052
      0.08   0.962564   0.373888   0.538577
      0.09   0.962564   0.374688   0.539406
       0.1   0.962564   0.376344    0.54112
      0.11   0.962564   0.378143   0.542977
      0.12   0.962564   0.379794   0.544678
      0.13   0.962374   0.382132   0.547047
      0.14   0.961898    0.38386   0.548738
      0.15   0.961516   0.388002   0.552894
      0.16   0.958754   0.391167   0.555637
      0.17   0.954753   0.396496   0.560305
      0.18   0.949324   0.400558   0.563397
      0.19   0.947228   0.405649   0.568037
       0.2   0.941227    0.40927    0.57048
      0.21   0.938464   0.415997   0.576463
      0.22   0.929987   0.424385   0.582813
      0.23   0.928748   0.430935   0.588711
      0.24   0.924176   0.441085   0.597161
      0.25    0.91646   0.447684   0.601527
      0.26   0.909888   0.456854   0.608287
      0.27   0.907411   0.464076    0.61409
      0.28   0.902362   0.475071   0.622442
      0.29   0.896171   0.483107   0.627787
       0.3   0.892551   0.493442   0.635533
      0.31   0.883597   0.503839   0.641746
      0.32   0.877977   0.509958   0.645176
      0.33   0.874262   0.519362   0.651623
      0.34   0.872833    0.52596   0.656388
      0.35   0.866451   0.536158   0.662415
      0.36   0.863307   0.540906   0.665096
      0.37   0.856735   0.544945   0.666163
      0.38   0.854258   0.548763   0.668251
      0.39   0.846637   0.552186   0.668421
       0.4   0.843685   0.554274   0.669022
      0.41   0.835588   0.557102   0.668501
      0.42   0.820918   0.557676   0.664164
      0.43   0.815489   0.558169   0.662728
      0.44   0.807106   0.557295   0.659331
      0.45   0.795104   0.557236    0.65525
      0.46   0.769099   0.555817   0.645291
      0.47   0.762431   0.554988   0.642377
      0.48   0.747761   0.555372   0.637365
      0.49   0.735664   0.553191   0.631511
       0.5   0.719661   0.553835   0.625952
      0.51   0.702705   0.553773   0.619413
      0.52    0.69318   0.551511   0.614283
      0.53   0.675938   0.546571   0.604409
      0.54   0.663936   0.543761   0.597869
      0.55    0.65422   0.536849   0.589751
      0.56   0.642218   0.530717   0.581167
      0.57   0.613641    0.52346   0.564974
      0.58   0.606401   0.518629   0.559091
      0.59   0.584969   0.513052   0.546655
       0.6   0.576872   0.510165   0.541471
      0.61   0.557058   0.502887   0.528589
      0.62   0.536007   0.495689    0.51506
      0.63   0.521433    0.49087    0.50569
      0.64   0.494666   0.481034   0.487755
      0.65   0.481616    0.47572   0.478649
      0.66   0.452372   0.461822   0.457048
      0.67   0.433225    0.45366   0.443207
      0.68   0.419508   0.444589   0.431685
      0.69    0.41827   0.440992   0.429331
       0.7   0.406458   0.434111    0.41983
      0.71   0.398457      0.425   0.411301
      0.72   0.391313   0.420649   0.405451
      0.73   0.375024   0.408574    0.39108
      0.74   0.372738   0.403326   0.387429
      0.75   0.358544   0.392613   0.374806
      0.76   0.344447   0.383822    0.36307
      0.77   0.332159   0.372607   0.351222
      0.78   0.319775   0.364583   0.340712
      0.79    0.31044   0.353258   0.330468
       0.8    0.30301   0.346119   0.323133
      0.81    0.28615   0.334436   0.308414
      0.82   0.264146    0.32614   0.291887
      0.83   0.257382   0.320907   0.285656
      0.84   0.246999   0.315542   0.277095
      0.85   0.240998    0.31016    0.27124
      0.86   0.231282   0.307309    0.26393
      0.87   0.229091   0.308614   0.262972
      0.88   0.222995   0.311751   0.260007
      0.89   0.219185   0.314872   0.258456
       0.9   0.213564   0.315615    0.25475
      0.91   0.200514   0.322206   0.247195
      0.92   0.197466   0.331029    0.24737
      0.93   0.193275   0.346888   0.248239
      0.94   0.188417   0.355828   0.246374
      0.95   0.181749   0.369396   0.243628
      0.96   0.174224    0.37931   0.238774
      0.97   0.170604   0.410926   0.241107
      0.98   0.163174   0.416877   0.234543
      0.99   0.156601    0.41931   0.228037
