         0          1   0.391539   0.562742
      0.01    0.79801   0.467811   0.589843
      0.02    0.79801   0.467811   0.589843
      0.03    0.79801   0.467811   0.589843
      0.04    0.79801   0.467811   0.589843
      0.05    0.79801   0.467811   0.589843
      0.06    0.79801   0.467811   0.589843
      0.07    0.79801   0.467811   0.589843
      0.08    0.79801   0.467811   0.589843
      0.09   0.797834   0.467808   0.589793
       0.1   0.797834   0.468012   0.589955
      0.11   0.797799   0.468107   0.590021
      0.12   0.797764   0.468126   0.590026
      0.13   0.797694   0.468058   0.589953
      0.14   0.797274   0.468097   0.589869
      0.15   0.796538   0.467951   0.589551
      0.16   0.796292   0.468126   0.589623
      0.17   0.795031   0.468978   0.589952
      0.18   0.794435   0.469248   0.590001
      0.19   0.792297   0.470048   0.590041
       0.2   0.791702    0.47082   0.590484
      0.21   0.786971    0.47153   0.589718
      0.22   0.778876   0.472792   0.588409
      0.23   0.774285   0.473026   0.587274
      0.24   0.767101   0.473569   0.585612
      0.25   0.763632   0.474904   0.585614
      0.26   0.757675   0.475987   0.584671
      0.27   0.748738   0.476084   0.582064
      0.28   0.738541   0.477247   0.579816
      0.29   0.729394   0.477778   0.577363
       0.3   0.720248   0.479687   0.575854
      0.31   0.710856    0.48104   0.573792
      0.32    0.70602   0.482556   0.573282
      0.33   0.690952   0.483842   0.569141
      0.34   0.684714   0.485179    0.56793
      0.35   0.675883   0.487848   0.566674
      0.36   0.667963   0.489972   0.565288
      0.37    0.65717   0.493898   0.563954
      0.38   0.649425   0.495048   0.561825
      0.39   0.632149   0.497121   0.556562
       0.4   0.625736    0.49903   0.555246
      0.41   0.613576   0.501886    0.55214
      0.42   0.597246   0.506275    0.54801
      0.43   0.589992   0.509379    0.54673
      0.44   0.575974    0.51603   0.544357
      0.45   0.565671   0.517456   0.540491
      0.46   0.551269   0.519834    0.53509
      0.47   0.543489   0.522877   0.532984
      0.48   0.529997   0.522553   0.526249
      0.49   0.521972   0.521288    0.52163
       0.5    0.51244   0.522652   0.517496
      0.51   0.501857    0.52211   0.511783
      0.52   0.493797   0.523484   0.508207
      0.53   0.480165   0.521603   0.500027
      0.54   0.474418    0.52131    0.49676
      0.55    0.45949   0.521195   0.488401
      0.56   0.452832   0.521065   0.484558
      0.57   0.437658   0.521921    0.47609
      0.58   0.430859    0.52465   0.473151
      0.59   0.416106   0.527188   0.465106
       0.6   0.410043   0.526508   0.461034
      0.61   0.398759   0.533795   0.456501
      0.62   0.384181   0.537037   0.447928
      0.63   0.379836   0.537328    0.44506
      0.64    0.36694   0.537968   0.436292
      0.65   0.361333   0.546627   0.435073
      0.66   0.349523   0.553381   0.428439
      0.67   0.340167   0.553448   0.421355
      0.68   0.327306   0.558333   0.412687
      0.69   0.316863   0.559933   0.404705
       0.7    0.30635   0.559395   0.395892
      0.71   0.293734   0.556238   0.384451
      0.72   0.286796   0.552695   0.377635
      0.73    0.27453   0.546002   0.365358
      0.74   0.261599   0.537037   0.351821
      0.75   0.249299   0.532975   0.339702
      0.76   0.239522   0.529835   0.329905
      0.77   0.227607   0.526085   0.317744
      0.78    0.21797   0.520989   0.307352
      0.79   0.207247   0.515509    0.29564
       0.8   0.200449   0.512687   0.288213
      0.81   0.190251   0.511419   0.277332
      0.82   0.180579   0.507715   0.266405
      0.83    0.17371   0.501164   0.257996
      0.84   0.167122   0.494243   0.249783
      0.85   0.163373   0.492281   0.245328
      0.86   0.155838   0.488309   0.236273
      0.87   0.150722   0.478505   0.229237
      0.88   0.139403   0.486911    0.21675
      0.89   0.135198   0.488043   0.211739
       0.9   0.123143   0.490012   0.196823
      0.91   0.115959   0.504436    0.18857
      0.92    0.10902   0.514094   0.179892
      0.93   0.106252   0.585209    0.17985
      0.94   0.103518   0.665385   0.179163
      0.95  0.0972456   0.732426   0.171695
      0.96  0.0939165   0.737226   0.166608
      0.97  0.0892206   0.747967   0.159424
      0.98  0.0818615   0.758721   0.147779
      0.99  0.0764298   0.766234   0.138995
