         0          1   0.216663    0.35616
      0.01   0.939855   0.686994   0.793774
      0.02   0.939855   0.686994   0.793774
      0.03   0.939855   0.686994   0.793774
      0.04   0.939855   0.686994   0.793774
      0.05   0.939855   0.686994   0.793774
      0.06   0.939855   0.686994   0.793774
      0.07   0.939855   0.686994   0.793774
      0.08   0.939855   0.686994   0.793774
      0.09   0.939855   0.686994   0.793774
       0.1   0.939855   0.686994   0.793774
      0.11   0.939855   0.686994   0.793774
      0.12   0.939855   0.686994   0.793774
      0.13   0.939855   0.686994   0.793774
      0.14   0.939855    0.68697   0.793757
      0.15   0.939855   0.687672   0.794226
      0.16   0.939855   0.687834   0.794334
      0.17   0.939855   0.691049   0.796473
      0.18   0.939855   0.696002   0.799753
      0.19   0.939855   0.699512   0.802065
       0.2   0.939855   0.700329   0.802602
      0.21   0.939855   0.703632   0.804767
      0.22    0.93981   0.708273   0.807777
      0.23    0.93981     0.7088    0.80812
      0.24   0.938904   0.709604   0.808307
      0.25   0.938904   0.710458    0.80886
      0.26   0.938678    0.71144   0.809412
      0.27   0.938043   0.712078   0.809589
      0.28     0.9375    0.71336   0.810214
      0.29   0.937409   0.714039   0.810618
       0.3   0.936639   0.715383   0.811195
      0.31   0.931975   0.716003   0.809837
      0.32   0.931295   0.716329   0.809788
      0.33   0.930389   0.717737   0.810344
      0.34   0.929846   0.718095   0.810366
      0.35    0.92731   0.719011   0.809983
      0.36   0.925045   0.720808   0.810254
      0.37   0.923143   0.723035   0.810926
      0.38   0.923053   0.724227   0.811641
      0.39   0.919973   0.725737   0.811392
       0.4   0.916984   0.727471   0.811307
      0.41   0.914538   0.728691   0.811105
      0.42   0.909194   0.730646     0.8102
      0.43   0.903714   0.731554   0.808572
      0.44   0.899547   0.733714   0.808212
      0.45   0.899094    0.73456   0.808542
      0.46   0.894339   0.735743   0.807326
      0.47   0.890172   0.736354    0.80599
      0.48   0.887228   0.738853   0.806271
      0.49   0.884873   0.739913   0.805926
       0.5   0.877355   0.742072   0.804063
      0.51   0.875181   0.745925     0.8054
      0.52   0.871422   0.746944   0.804396
      0.53   0.868388   0.749401   0.804519
      0.54    0.86096   0.751059   0.802263
      0.55    0.85548   0.753654   0.801345
      0.56   0.852174   0.755808   0.801103
      0.57   0.848143    0.76328   0.803477
      0.58   0.847328   0.768286   0.805874
      0.59   0.839629   0.774749   0.805885
       0.6   0.836911   0.778514   0.806657
      0.61   0.832745   0.783416   0.807327
      0.62   0.826721    0.78609   0.805894
      0.63   0.822509   0.786516    0.80411
      0.64    0.81875   0.786891   0.802504
      0.65   0.816259    0.78602   0.800854
      0.66   0.812862    0.78619   0.799304
      0.67   0.808696   0.785241   0.796796
      0.68   0.803487   0.782461   0.792835
      0.69   0.798868   0.781453   0.790064
       0.7   0.789447    0.77811   0.783738
      0.71   0.781839   0.776354   0.779087
      0.72   0.776495   0.775282   0.775888
      0.73   0.769973   0.773181   0.771574
      0.74   0.764629   0.770818   0.767711
      0.75    0.76173   0.767812   0.764759
      0.76   0.756975   0.766154   0.761537
      0.77   0.747554   0.760256   0.753852
      0.78   0.742935   0.755965   0.749393
      0.79   0.735598   0.749571   0.742519
       0.8   0.728668    0.74354   0.736029
      0.81   0.719067   0.735109      0.727
      0.82   0.694928   0.725753   0.710006
      0.83   0.686775   0.720312   0.703144
      0.84    0.67183   0.712184   0.691419
      0.85   0.666757   0.707539   0.686543
      0.86   0.661232   0.700327   0.680218
      0.87   0.655254   0.694115   0.674125
      0.88   0.637636   0.682802   0.659446
      0.89   0.630571    0.67645   0.652705
       0.9    0.61798   0.666173   0.641172
      0.91   0.609828     0.6576   0.632814
      0.92   0.600906   0.649713   0.624357
      0.93    0.59058    0.63824   0.613486
      0.94   0.584149   0.628356   0.605446
      0.95   0.571513   0.615766   0.592815
      0.96    0.55471   0.607327   0.579827
      0.97   0.540444   0.618734   0.576945
      0.98   0.527264   0.616291   0.568312
      0.99   0.508786   0.615038   0.556889
