         0          1   0.205491   0.340925
      0.01    0.88251   0.279788   0.424875
      0.02    0.88251   0.279788   0.424875
      0.03    0.88251   0.279788   0.424875
      0.04    0.88251   0.279788   0.424875
      0.05    0.88251   0.279788   0.424875
      0.06    0.88251   0.279788   0.424875
      0.07    0.88251   0.279803   0.424893
      0.08    0.88251   0.279818    0.42491
      0.09    0.88251   0.279907   0.425012
       0.1    0.88251   0.280352   0.425525
      0.11    0.88251   0.281187   0.426486
      0.12    0.88251   0.281741   0.427123
      0.13    0.88251   0.283637   0.429299
      0.14    0.88251   0.285483   0.431409
      0.15   0.882093   0.289192    0.43558
      0.16    0.88151   0.292164   0.438871
      0.17   0.881093   0.297451   0.444755
      0.18   0.878677   0.302112   0.449629
      0.19   0.877094   0.309847   0.457925
       0.2    0.87501   0.315695   0.463988
      0.21   0.872427   0.326735    0.47542
      0.22   0.867511   0.340755   0.489311
      0.23   0.864761   0.351707   0.500042
      0.24   0.859595   0.371181   0.518478
      0.25   0.855512   0.383181   0.529293
      0.26   0.845596   0.402463   0.545361
      0.27   0.841013   0.415868   0.556537
      0.28   0.834264   0.435242   0.572044
      0.29   0.826681   0.447688   0.580829
       0.3   0.812849   0.468858   0.594692
      0.31   0.801683   0.484925   0.604311
      0.32   0.787351   0.492337   0.605838
      0.33   0.767353   0.502356   0.607201
      0.34    0.75477   0.509862   0.608602
      0.35   0.738188   0.515133   0.606812
      0.36   0.722023   0.514783    0.60104
      0.37   0.697609   0.510831   0.589786
      0.38   0.689109   0.511466   0.587145
      0.39   0.674194   0.507378   0.579011
       0.4   0.662695   0.503947   0.572521
      0.41    0.64378   0.496661   0.560731
      0.42   0.624781   0.488477   0.548285
      0.43   0.616782   0.481812   0.541006
      0.44    0.60195   0.468156   0.526689
      0.45   0.588784   0.460189   0.516604
      0.46   0.550537   0.441792   0.490207
      0.47   0.539872   0.433091   0.480622
      0.48   0.513874   0.417215   0.460527
      0.49    0.48496   0.405841   0.441887
       0.5   0.450546   0.390272   0.418248
      0.51   0.427881   0.370393   0.397067
      0.52   0.403466    0.35376   0.376982
      0.53   0.370136    0.32846   0.348055
      0.54   0.347888   0.315228   0.330754
      0.55    0.32239   0.295667   0.308451
      0.56   0.305558   0.286778    0.29587
      0.57   0.290809   0.271162   0.280642
      0.58   0.269478   0.257604   0.263407
      0.59   0.248479   0.242907   0.245662
       0.6   0.237064     0.2308    0.23389
      0.61   0.219232   0.213525   0.216341
      0.62   0.213899   0.201171    0.20734
      0.63   0.207983   0.190719   0.198977
      0.64   0.200067   0.178897   0.188891
      0.65   0.184318   0.169836   0.176781
      0.66   0.167153   0.160126   0.163564
      0.67   0.159987   0.158564   0.159272
      0.68   0.150904   0.153704   0.152291
      0.69   0.143738   0.152154   0.147826
       0.7   0.140572   0.148956   0.144643
      0.71   0.137072   0.146084   0.141434
      0.72   0.135405   0.143906   0.139526
      0.73   0.127656   0.138122   0.132683
      0.74   0.122906   0.136041    0.12914
      0.75   0.115074    0.13323   0.123488
      0.76   0.101658   0.131191   0.114552
      0.77  0.0964086   0.124112    0.10852
      0.78  0.0882426   0.121246   0.102145
      0.79   0.083993   0.120958   0.099142
       0.8  0.0799933   0.123262  0.0970221
      0.81  0.0781602   0.123746  0.0958069
      0.82  0.0748271   0.119743  0.0921008
      0.83  0.0739105   0.118782  0.0911219
      0.84  0.0689109   0.115657  0.0863642
      0.85  0.0662445   0.118367  0.0849478
      0.86  0.0642446   0.127256  0.0853838
      0.87   0.060495   0.130687  0.0827056
      0.88  0.0592451   0.136412  0.0826113
      0.89  0.0544955   0.139269  0.0783377
       0.9  0.0529123   0.138781  0.0766142
      0.91  0.0454962    0.12976   0.067371
      0.92  0.0373302    0.12481   0.057471
      0.93  0.0259145    0.12656  0.0430202
      0.94  0.0259145   0.142276  0.0438433
      0.95  0.0259145   0.152993  0.0443217
      0.96  0.0250812   0.153664  0.0431238
      0.97  0.0233314    0.14433  0.0401693
      0.98  0.0213316   0.134048   0.036806
      0.99  0.0207483    0.12069  0.0354092
