         0          1   0.214804   0.353644
      0.01   0.906546   0.486278   0.633006
      0.02   0.906546   0.486278   0.633006
      0.03   0.906546   0.486278   0.633006
      0.04   0.906546   0.486278   0.633006
      0.05   0.906546   0.486278   0.633006
      0.06   0.906546   0.486278   0.633006
      0.07   0.906546   0.486278   0.633006
      0.08   0.906546   0.486278   0.633006
      0.09   0.906546   0.486278   0.633006
       0.1   0.906546   0.486278   0.633006
      0.11   0.906546   0.486278   0.633006
      0.12   0.906546   0.486278   0.633006
      0.13   0.906546   0.486321   0.633043
      0.14   0.906546   0.486364    0.63308
      0.15   0.906546   0.486489   0.633185
      0.16   0.906546   0.486662   0.633332
      0.17   0.906546   0.486559   0.633244
      0.18   0.906546   0.486551   0.633238
      0.19   0.906546   0.486756   0.633412
       0.2   0.906546   0.486783   0.633435
      0.21   0.906546   0.486971   0.633593
      0.22   0.906472   0.487796   0.634273
      0.23   0.906397   0.488579   0.634916
      0.24   0.906322   0.490694   0.636681
      0.25   0.906173   0.492023   0.637762
      0.26   0.906098   0.494393   0.639731
      0.27     0.9058   0.496429   0.641358
      0.28   0.905576   0.501159   0.645235
      0.29   0.905053   0.504213   0.647628
       0.3   0.898485   0.510235   0.650858
      0.31   0.895424   0.517158   0.655644
      0.32   0.891095   0.521411   0.657876
      0.33   0.889975   0.528484   0.663167
      0.34   0.887288   0.532869   0.665853
      0.35   0.885945   0.539889   0.670922
      0.36   0.883705   0.545873   0.674872
      0.37   0.881765    0.55681   0.682586
      0.38   0.878928   0.561662   0.685359
      0.39   0.875793   0.568798   0.689675
       0.4   0.874076   0.573338   0.692464
      0.41   0.871091   0.578256    0.69509
      0.42   0.866463   0.582667   0.696776
      0.43   0.862432   0.584699   0.696915
      0.44   0.854072   0.586293   0.695291
      0.45   0.849519   0.588132   0.695063
      0.46   0.844144   0.590604   0.694972
      0.47   0.840935   0.593127    0.69562
      0.48   0.836456   0.596366   0.696296
      0.49   0.832201   0.597644   0.695684
       0.5   0.825334   0.600758   0.695363
      0.51   0.815108    0.60046    0.69151
      0.52   0.810779    0.60266   0.691397
      0.53   0.800179   0.600629   0.686191
      0.54   0.792565   0.600122   0.683048
      0.55   0.774651   0.598838   0.675492
      0.56   0.767858   0.597467    0.67203
      0.57   0.756737   0.597231   0.667589
      0.58   0.746809    0.59694   0.663517
      0.59   0.731955   0.594548   0.656135
       0.6   0.715235   0.595272   0.649763
      0.61    0.70583   0.632773   0.667308
      0.62   0.689632   0.634245    0.66078
      0.63   0.681496   0.633832     0.6568
      0.64   0.671718   0.636071   0.653408
      0.65   0.661193   0.635623   0.648156
      0.66   0.644398   0.634426   0.639373
      0.67   0.628424   0.631219   0.629819
      0.68   0.607599   0.628453    0.61785
      0.69   0.598865   0.627412   0.612806
       0.7   0.581996    0.62105   0.600889
      0.71   0.567664   0.615511    0.59062
      0.72    0.56132   0.612587   0.585834
      0.73   0.543629   0.608872   0.574404
      0.74   0.532358   0.605584   0.566615
      0.75     0.5184   0.601221   0.556747
      0.76   0.512801   0.599689   0.552852
      0.77   0.499888   0.594403   0.543064
      0.78   0.488766   0.592105   0.535496
      0.79   0.478988   0.587024   0.527531
       0.8   0.474882    0.58968   0.526091
      0.81   0.458759   0.593644   0.517558
      0.82   0.441666   0.587649   0.504306
      0.83   0.424349   0.578403   0.489542
      0.84   0.410913   0.569697   0.477449
      0.85   0.395984   0.564674   0.465518
      0.86    0.38113   0.554878   0.451878
      0.87   0.367545   0.546198   0.439407
      0.88   0.353512   0.532631   0.424968
      0.89   0.346869   0.523663   0.417313
       0.9   0.332015   0.520563    0.40544
      0.91   0.314847    0.51637   0.391179
      0.92   0.305442    0.51199   0.382621
      0.93   0.295365   0.505397   0.372836
      0.94   0.290065   0.501661   0.367588
      0.95   0.279391   0.512518    0.36164
      0.96    0.26603   0.520129   0.352015
      0.97   0.247443   0.526126   0.336586
      0.98   0.239979   0.525912   0.329571
      0.99   0.207808   0.515823   0.296262
