         0          1   0.406617   0.578148
      0.01   0.799786   0.650116   0.717226
      0.02   0.799786   0.650116   0.717226
      0.03   0.799786   0.650116   0.717226
      0.04   0.799786   0.650116   0.717226
      0.05   0.799786   0.650116   0.717226
      0.06   0.799786   0.650116   0.717226
      0.07   0.799786   0.650116   0.717226
      0.08   0.799786   0.650116   0.717226
      0.09   0.799786   0.650116   0.717226
       0.1   0.799786   0.650162   0.717254
      0.11   0.799786   0.650299   0.717338
      0.12   0.799786   0.650529   0.717477
      0.13   0.799786    0.65062   0.717533
      0.14   0.799786    0.65085   0.717672
      0.15   0.799786   0.651002   0.717765
      0.16   0.799746   0.650897   0.717685
      0.17   0.799429   0.650919   0.717571
      0.18    0.79935   0.650945   0.717555
      0.19   0.798716   0.651781   0.717806
       0.2     0.7982   0.652469   0.718015
      0.21   0.795703   0.652739   0.717166
      0.22   0.792928   0.653304   0.716377
      0.23   0.790352   0.653539   0.715464
      0.24   0.786705   0.653922   0.714194
      0.25   0.785239   0.654098   0.713694
      0.26    0.77846   0.654281   0.710989
      0.27   0.775686   0.654653   0.710049
      0.28    0.77081   0.655786   0.708661
      0.29   0.766846   0.656702   0.707513
       0.3   0.755153   0.657094   0.702719
      0.31   0.745204   0.655546   0.697505
      0.32    0.73577   0.656217    0.69372
      0.33   0.722927   0.656491   0.688109
      0.34   0.710758   0.653453   0.680902
      0.35   0.689195   0.651635   0.669889
      0.36    0.67326   0.652218   0.662572
      0.37   0.649437   0.651391   0.650413
      0.38   0.636594   0.650182   0.643316
      0.39   0.613406   0.648568   0.630497
       0.4   0.602743   0.648718   0.624886
      0.41   0.584351   0.649317   0.615123
      0.42   0.557912   0.648732   0.599904
      0.43   0.545664   0.647652   0.592299
      0.44   0.524378   0.645405    0.57863
      0.45   0.503924   0.643698   0.565299
      0.46    0.48573   0.641161   0.552726
      0.47   0.472451   0.639107   0.543286
      0.48   0.454455   0.633573   0.529271
      0.49    0.43753   0.629334    0.51619
       0.5   0.406136    0.62249    0.49156
      0.51   0.381045   0.613577   0.470129
      0.52   0.367885   0.606226   0.457897
      0.53   0.344696   0.596422   0.436894
      0.54   0.336808   0.589213   0.428612
      0.55   0.315483   0.578068   0.408193
      0.56   0.303631   0.569557   0.396101
      0.57   0.286864   0.559386   0.379244
      0.58   0.275765    0.55085   0.367535
      0.59   0.258483   0.532576   0.348044
       0.6   0.246551   0.518038   0.334096
      0.61   0.228516        0.5   0.313673
      0.62   0.206279   0.477665   0.288129
      0.63   0.199025   0.464395   0.278636
      0.64   0.187886   0.445242   0.264259
      0.65   0.180316   0.430804   0.254224
      0.66   0.169891   0.416342   0.241312
      0.67   0.159307    0.40353   0.228433
      0.68    0.15019   0.382192    0.21564
      0.69   0.143412   0.368444   0.206462
       0.7   0.133859   0.352541   0.194041
      0.71   0.121413   0.335244   0.178265
      0.72   0.112217    0.32697   0.167088
      0.73   0.106231   0.317283    0.15917
      0.74   0.102981   0.312725    0.15494
      0.75  0.0975503   0.303838   0.147685
      0.76  0.0948946   0.301814   0.144391
      0.77   0.085421   0.293503   0.132329
      0.78  0.0778104   0.286831   0.122413
      0.79  0.0740844    0.28918   0.117951
       0.8  0.0719835   0.301508    0.11622
      0.81  0.0701205   0.315789   0.114759
      0.82  0.0669098   0.306438   0.109837
      0.83  0.0642936   0.287697     0.1051
      0.84  0.0593785   0.297645  0.0990058
      0.85  0.0547408   0.301643  0.0926651
      0.86  0.0509751   0.304862  0.0873454
      0.87  0.0471698   0.293872  0.0812914
      0.88  0.0416204   0.272189  0.0722007
      0.89  0.0388854   0.256135  0.0675201
       0.9  0.0355557   0.244337  0.0620779
      0.91   0.032345   0.228522  0.0566691
      0.92  0.0313144   0.228625   0.055084
      0.93  0.0297685   0.238739  0.0529363
      0.94  0.0274695      0.235  0.0491892
      0.95  0.0263596   0.226221  0.0472174
      0.96  0.0248533   0.223097  0.0447243
      0.97  0.0247344   0.221607  0.0445018
      0.98  0.0236642     0.2149  0.0426337
      0.99  0.0234264   0.212963  0.0422096
