         0          1   0.364376   0.534128
      0.01   0.852991   0.464916   0.601817
      0.02   0.852991   0.464916   0.601817
      0.03   0.852991   0.464916   0.601817
      0.04   0.852991   0.464916   0.601817
      0.05   0.852991   0.464916   0.601817
      0.06   0.852991   0.464916   0.601817
      0.07   0.852991   0.464912   0.601814
      0.08   0.852991   0.464859   0.601769
      0.09   0.852991   0.464882   0.601788
       0.1   0.852991   0.464898   0.601802
      0.11   0.852991   0.464856   0.601766
      0.12   0.852991   0.464831   0.601746
      0.13   0.852732   0.464852   0.601698
      0.14   0.852577   0.464939   0.601733
      0.15   0.852163   0.465416   0.602029
      0.16   0.851075   0.466095   0.602324
      0.17   0.850401   0.467137   0.603025
      0.18   0.849935   0.467754   0.603421
      0.19   0.847552    0.46841   0.603364
       0.2   0.844755    0.46867   0.602868
      0.21   0.841129    0.47046   0.603417
      0.22   0.835897   0.472057   0.603372
      0.23   0.831546   0.472884   0.602907
      0.24   0.821911   0.473646   0.600969
      0.25   0.816887   0.474245     0.6001
      0.26   0.809013   0.475758   0.599164
      0.27   0.799741   0.476998   0.597577
      0.28   0.787413   0.479252   0.595847
      0.29   0.780679   0.480683   0.595006
       0.3   0.762238   0.482246   0.590744
      0.31   0.750065   0.485661   0.589576
      0.32   0.742088   0.488655   0.589278
      0.33   0.734939   0.492611   0.589857
      0.34   0.728775   0.495136   0.589655
      0.35   0.718208   0.497637   0.587915
      0.36   0.708418   0.499425    0.58584
      0.37   0.691427   0.501113   0.581084
      0.38   0.686247   0.503858   0.581077
      0.39   0.673919   0.508059   0.579352
       0.4   0.667703   0.509953   0.578262
      0.41   0.658638   0.513914   0.577345
      0.42    0.64517   0.520104   0.575925
      0.43   0.637296   0.524405   0.575366
      0.44   0.628127   0.531887   0.576015
      0.45    0.62217   0.537306   0.576633
      0.46    0.61295   0.543933   0.576383
      0.47   0.603522   0.547372   0.574077
      0.48   0.593111   0.553185   0.572452
      0.49   0.584097   0.556772   0.570108
       0.5   0.570681   0.562144   0.566381
      0.51   0.559959   0.567766   0.563835
      0.52   0.552862   0.572024    0.56228
      0.53   0.538876   0.577416   0.557481
      0.54   0.530951   0.579892   0.554343
      0.55   0.512613   0.584219   0.546079
      0.56   0.500907   0.587096   0.540587
      0.57    0.49179    0.58928   0.536139
      0.58   0.481533   0.593373   0.531635
      0.59    0.46848   0.596528   0.524806
       0.6   0.459363   0.600164   0.520408
      0.61    0.44776   0.601022   0.513192
      0.62   0.439264   0.601886   0.507875
      0.63   0.431028   0.602084   0.502395
      0.64    0.41497   0.602815   0.491558
      0.65   0.399171   0.602554   0.480216
      0.66   0.388552   0.603158   0.472635
      0.67   0.383424   0.602227    0.46854
      0.68   0.370837     0.5983   0.457875
      0.69   0.363895   0.595078   0.451621
       0.7   0.355038   0.593075   0.444175
      0.71    0.34763   0.586499   0.436524
      0.72   0.343745   0.585427   0.433155
      0.73   0.336959   0.580829   0.426494
      0.74   0.329189   0.579618     0.4199
      0.75   0.317224   0.574979   0.408869
      0.76   0.307071   0.573446   0.399966
      0.77   0.295675   0.566736   0.388607
      0.78    0.28661   0.563033   0.379855
      0.79   0.279099   0.562639   0.373113
       0.8   0.272054   0.558958    0.36598
      0.81   0.263766   0.556645   0.357928
      0.82   0.256255   0.550507   0.349719
      0.83    0.24807   0.544672   0.340885
      0.84   0.237555   0.537718   0.329529
      0.85   0.233877   0.528331   0.324228
      0.86   0.225796   0.522293   0.315288
      0.87   0.216006   0.518367   0.304942
      0.88   0.206112   0.512634   0.294013
      0.89   0.200932   0.509211   0.288159
       0.9   0.194147        0.5   0.279691
      0.91   0.186118   0.489209   0.269648
      0.92   0.179953   0.484131   0.262379
      0.93   0.173893   0.480392   0.255353
      0.94   0.166485   0.477958   0.246951
      0.95   0.158353   0.482936   0.238502
      0.96    0.15136   0.494382   0.231763
      0.97   0.145351   0.519531   0.227151
      0.98   0.138099    0.53005   0.219111
      0.99   0.131261   0.534529   0.210766
