         0          1   0.374026   0.544424
      0.01   0.887505   0.590791   0.709371
      0.02   0.887505   0.590791   0.709371
      0.03   0.887505   0.590791   0.709371
      0.04   0.887505   0.590791   0.709371
      0.05   0.887505   0.590791   0.709371
      0.06   0.887505   0.590791   0.709371
      0.07   0.887505   0.590791   0.709371
      0.08   0.887505   0.590791   0.709371
      0.09   0.887505   0.590849   0.709413
       0.1   0.887505   0.590907   0.709454
      0.11   0.887505   0.590965   0.709496
      0.12   0.887505   0.591052   0.709559
      0.13   0.887505    0.59111   0.709601
      0.14   0.887505   0.591148   0.709628
      0.15   0.887505   0.591293   0.709732
      0.16   0.887505   0.591418   0.709823
      0.17   0.887505   0.591639   0.709982
      0.18   0.887505   0.591908   0.710175
      0.19   0.887505   0.592496   0.710598
       0.2   0.887386   0.593018   0.710936
      0.21   0.886671   0.594093   0.711478
      0.22   0.886373   0.595592   0.712455
      0.23   0.885122   0.596963   0.713029
      0.24   0.884764    0.59943   0.714669
      0.25   0.884645   0.600793   0.715599
      0.26   0.884288   0.602857   0.716943
      0.27   0.883692   0.604871   0.718168
      0.28   0.879283   0.608041   0.718929
      0.29   0.878866   0.610501   0.720506
       0.3   0.877197   0.613738    0.72219
      0.31   0.875827    0.61821   0.724808
      0.32   0.873801   0.621551     0.7264
      0.33   0.869392   0.626734   0.728385
      0.34   0.868617   0.630723   0.730797
      0.35   0.865578   0.637111   0.733976
      0.36   0.865102   0.640833   0.736268
      0.37   0.861467   0.647479     0.7393
      0.38   0.856998   0.651665   0.740358
      0.39   0.855151   0.658939   0.744331
       0.4   0.852768   0.664406   0.746894
      0.41   0.848597   0.672621   0.750431
      0.42   0.844068    0.68123   0.753957
      0.43   0.840732   0.687228   0.756269
      0.44   0.831556   0.695107   0.757234
      0.45   0.826372   0.701058   0.758574
      0.46   0.817971   0.709608   0.759946
      0.47    0.80939     0.7156   0.759611
      0.48   0.799559   0.724246   0.760041
      0.49   0.791396   0.730084   0.759504
       0.5   0.781028   0.738428   0.759131
      0.51   0.772865   0.744668   0.758504
      0.52   0.766192   0.748021   0.756997
      0.53   0.759399   0.751746   0.755553
      0.54   0.751594   0.753243   0.752418
      0.55   0.740332   0.756573   0.748364
      0.56   0.728416   0.758215   0.743017
      0.57    0.71495   0.760572   0.737056
      0.58   0.706965   0.762443   0.733657
      0.59   0.693082   0.764857   0.727203
       0.6   0.683906   0.767469   0.723282
      0.61   0.673062   0.771734   0.719028
      0.62   0.661026   0.773802   0.712982
      0.63   0.655246   0.775815   0.710452
      0.64   0.638801   0.777244   0.701255
      0.65   0.627838   0.778668   0.695165
      0.66   0.617708   0.782678   0.690476
      0.67   0.605553   0.784859   0.683645
      0.68   0.591134    0.78743   0.675307
      0.69   0.584222   0.788037   0.670994
       0.7   0.576953   0.789769   0.666792
      0.71   0.566466   0.791585   0.660367
      0.72   0.556098   0.793219   0.653824
      0.73   0.544777   0.794868   0.646479
      0.74   0.536793     0.7983   0.641936
      0.75   0.528868   0.805482   0.638504
      0.76   0.522791   0.810194   0.635509
      0.77   0.513615   0.816698   0.630631
      0.78   0.508193   0.823103   0.628403
      0.79   0.497468   0.835871   0.623726
       0.8   0.492761   0.851826    0.62435
      0.81   0.479235   0.863779   0.616454
      0.82   0.463803   0.874127   0.606045
      0.83   0.456295   0.876945    0.60026
      0.84   0.445987   0.882231   0.592468
      0.85   0.440386   0.887252   0.588614
      0.86   0.429542   0.891904   0.579835
      0.87   0.418638   0.895365   0.570522
      0.88   0.409462   0.898893   0.562634
      0.89   0.403623   0.900398   0.557386
       0.9   0.394328   0.908281   0.549912
      0.91   0.387595   0.910341   0.543699
      0.92   0.381457   0.912151   0.537948
      0.93   0.367872   0.911969   0.524265
      0.94   0.360186   0.912347   0.516473
      0.95    0.35238   0.911902    0.50833
      0.96   0.344873   0.913345   0.500689
      0.97   0.331347    0.91232   0.486134
      0.98   0.323959   0.911085   0.477965
      0.99   0.314485   0.907692   0.467126
