         0          1   0.176767   0.300428
      0.01   0.970193    0.38839   0.554715
      0.02   0.970193    0.38839   0.554715
      0.03   0.970193    0.38839   0.554715
      0.04   0.970193    0.38839   0.554715
      0.05   0.970193   0.388417   0.554742
      0.06   0.970193    0.38847   0.554797
      0.07   0.970193   0.388923   0.555259
      0.08   0.970193   0.389351   0.555694
      0.09   0.970193   0.390101   0.556458
       0.1   0.970193   0.391692   0.558075
      0.11   0.970193   0.394363   0.560781
      0.12   0.970193   0.396988   0.563429
      0.13   0.970193   0.403863   0.570319
      0.14   0.970193   0.409288   0.575707
      0.15   0.970193   0.418847   0.585098
      0.16   0.970193   0.425898   0.591943
      0.17   0.970193   0.436124   0.601749
      0.18   0.970193   0.443774   0.608991
      0.19   0.970149   0.457334   0.621629
       0.2   0.970149   0.465069   0.628735
      0.21   0.970149   0.474491    0.63729
      0.22   0.970149   0.483188   0.645087
      0.23   0.970149   0.488904   0.650161
      0.24   0.970149   0.497626   0.657827
      0.25   0.970059   0.503292   0.662739
      0.26   0.970059   0.511258   0.669607
      0.27   0.970059   0.517301    0.67477
      0.28   0.970015   0.523854   0.680309
      0.29   0.970015   0.527975   0.683775
       0.3   0.970015   0.533561   0.688441
      0.31   0.970015   0.538101   0.692209
      0.32   0.969925   0.541876   0.695302
      0.33   0.969613   0.545897   0.698523
      0.34   0.969613   0.549008   0.701064
      0.35   0.968364   0.552773   0.703796
      0.36   0.967025   0.555544   0.705683
      0.37   0.966981   0.559668   0.708989
      0.38   0.966981   0.563188   0.711806
      0.39   0.966981   0.567846   0.715516
       0.4     0.9664   0.571488    0.71824
      0.41   0.965999   0.577192   0.722615
      0.42   0.965642   0.583199   0.727203
      0.43   0.965463   0.587632   0.730589
      0.44   0.964348   0.592863   0.734295
      0.45   0.963455   0.595582   0.736117
      0.46   0.960912   0.600914   0.739423
      0.47   0.959752   0.603628   0.741129
      0.48   0.958815   0.608849   0.744769
      0.49   0.958146   0.613677   0.748166
       0.5   0.957789   0.618932   0.751948
      0.51   0.957164   0.624271    0.75568
      0.52   0.956807   0.627831   0.758171
      0.53   0.954888   0.632141   0.760697
      0.54   0.952122   0.636921    0.76326
      0.55   0.949891   0.641432   0.765766
      0.56   0.949043    0.64514   0.768124
      0.57   0.947481   0.648876   0.770251
      0.58   0.944625   0.650918   0.770739
      0.59   0.943911   0.653322   0.772183
       0.6   0.943108   0.656218   0.773932
      0.61    0.94061   0.661134    0.77649
      0.62   0.938825   0.664982   0.778525
      0.63   0.937575   0.667911   0.780096
      0.64   0.933649   0.669481     0.7798
      0.65   0.925974   0.670379   0.777715
      0.66   0.923743   0.671217   0.777489
      0.67   0.918478   0.670287   0.774997
      0.68    0.91522   0.670763   0.774152
      0.69   0.914239   0.671389   0.774217
       0.7   0.907635   0.672637   0.772663
      0.71   0.900763   0.673767   0.770902
      0.72   0.896479   0.674479   0.769793
      0.73   0.890232   0.676792   0.768976
      0.74   0.886618   0.679885    0.76961
      0.75   0.880193    0.68199   0.768518
      0.76    0.87399   0.685825   0.768558
      0.77   0.860381   0.691494   0.766748
      0.78   0.850788   0.692192   0.763339
      0.79   0.840079    0.69405   0.760114
       0.8   0.833742   0.695771   0.758534
      0.81   0.827317   0.700611   0.758711
      0.82   0.818705   0.702257   0.756023
      0.83     0.8146   0.707857   0.757486
      0.84   0.802999   0.733086   0.766451
      0.85   0.787381   0.738714   0.762272
      0.86    0.77694   0.744693   0.760475
      0.87   0.773147   0.749054    0.76091
      0.88   0.765026   0.750981   0.757938
      0.89   0.762349   0.750617   0.756437
       0.9   0.757173   0.750793   0.753969
      0.91    0.74981   0.751715   0.750762
      0.92   0.740351   0.751844   0.746053
      0.93   0.724109    0.75288   0.738214
      0.94   0.719022   0.752865   0.735555
      0.95   0.710053   0.757111   0.732827
      0.96     0.7051   0.765342   0.733987
      0.97   0.692339   0.769919   0.729071
      0.98   0.686047   0.774958   0.727797
      0.99   0.672393   0.778876   0.721728
