         0          1   0.361785    0.53134
      0.01   0.892327   0.585024   0.706714
      0.02   0.892327   0.585024   0.706714
      0.03   0.892327   0.585024   0.706714
      0.04   0.892327   0.585024   0.706714
      0.05   0.892327   0.585024   0.706714
      0.06   0.892327   0.585024   0.706714
      0.07   0.892327   0.585024   0.706714
      0.08   0.892327   0.585024   0.706714
      0.09   0.892327   0.585024   0.706714
       0.1   0.892327   0.585058   0.706739
      0.11   0.892327   0.585196    0.70684
      0.12   0.892327   0.585265    0.70689
      0.13   0.892327   0.585369   0.706966
      0.14   0.892327   0.585438   0.707016
      0.15   0.892327   0.585507   0.707067
      0.16   0.892327    0.58568   0.707193
      0.17   0.892296   0.585942   0.707374
      0.18   0.892233   0.586042   0.707427
      0.19   0.892233   0.586578   0.707818
       0.2   0.892202   0.587081   0.708174
      0.21   0.892171   0.588274   0.709031
      0.22   0.891828   0.589499   0.709812
      0.23   0.891703   0.590746   0.710675
      0.24   0.891641    0.59272   0.712082
      0.25   0.891235   0.593854    0.71277
      0.26   0.889613   0.596386   0.714069
      0.27   0.888989   0.598007   0.715028
      0.28   0.888054   0.601099   0.716929
      0.29   0.885621   0.603202   0.717625
       0.3   0.882845    0.60663   0.719126
      0.31   0.880381   0.609758   0.720495
      0.32    0.87748   0.612483   0.721416
      0.33   0.874298   0.617539   0.723823
      0.34   0.872926   0.621534   0.726086
      0.35   0.869464   0.627516   0.728937
      0.36   0.866687   0.630844   0.730194
      0.37   0.861354   0.637722   0.732857
      0.38   0.856675   0.640154   0.732754
      0.39    0.84947   0.645473   0.733553
       0.4   0.844479   0.650041   0.734612
      0.41   0.839395   0.656108    0.73652
      0.42   0.834591   0.663352   0.739184
      0.43   0.829538   0.668043   0.740083
      0.44   0.820867   0.675273   0.740986
      0.45   0.813755   0.680275   0.741052
      0.46   0.805614   0.687738   0.742024
      0.47   0.797473   0.691577    0.74076
      0.48   0.785683    0.69608   0.738173
      0.49   0.779881   0.698161   0.736762
       0.5    0.77093   0.701576   0.734619
      0.51   0.758578   0.706442   0.731582
      0.52   0.747536   0.708985    0.72775
      0.53   0.731254   0.711477    0.72123
      0.54   0.722271   0.711762   0.716978
      0.55   0.705802   0.713056    0.70941
      0.56   0.695976   0.712611   0.704195
      0.57   0.677979   0.709211   0.693243
      0.58   0.663755   0.705576   0.684027
      0.59   0.644261   0.703009   0.672354
       0.6   0.629008   0.701041   0.663074
      0.61   0.609264   0.696535   0.649983
      0.62   0.592109    0.69444   0.639205
      0.63   0.577636   0.691701   0.629543
      0.64   0.561853   0.687661   0.618423
      0.65     0.5534   0.683634   0.611661
      0.66     0.5369   0.678723   0.599538
      0.67   0.529538   0.676387   0.594022
      0.68    0.51622   0.669705    0.58303
      0.69   0.507548   0.666327     0.5762
       0.7   0.494042   0.657374   0.564124
      0.71   0.474891   0.648908   0.548426
      0.72   0.466157   0.643576   0.540684
      0.73   0.453026   0.635932   0.529118
      0.74   0.447068   0.632723   0.523935
      0.75   0.433219   0.624904   0.511699
      0.76    0.42486   0.618535   0.503722
      0.77   0.410137   0.607989   0.489839
      0.78   0.403587   0.600737   0.482812
      0.79   0.390175   0.589094   0.469431
       0.8   0.383313   0.580665   0.461787
      0.81   0.363225   0.565611   0.442369
      0.82   0.347785      0.551   0.426419
      0.83    0.33116   0.540218   0.410611
      0.84   0.317561   0.531899   0.397689
      0.85   0.310106   0.523863    0.38959
      0.86   0.300062    0.50882   0.377503
      0.87   0.291859    0.50341   0.369497
      0.88   0.282782   0.493755    0.35961
      0.89   0.276263   0.487431   0.352652
       0.9   0.267966    0.47519   0.342687
      0.91    0.25131   0.462008   0.325541
      0.92   0.246569   0.460865    0.32126
      0.93   0.241391   0.466459   0.318144
      0.94   0.234903   0.461497   0.311336
      0.95    0.22093   0.466157   0.299781
      0.96   0.212695   0.472169   0.293279
      0.97   0.205271    0.48271    0.28805
      0.98   0.198503   0.479351   0.280746
      0.99   0.192483   0.485784   0.275718
