         0          1   0.298178   0.459379
      0.01   0.815115   0.439158   0.570791
      0.02   0.815115   0.439158   0.570791
      0.03   0.815115   0.439158   0.570791
      0.04   0.815115   0.439158   0.570791
      0.05   0.815115   0.439158   0.570791
      0.06   0.815115   0.439158   0.570791
      0.07   0.815115   0.439158   0.570791
      0.08   0.815115   0.439158   0.570791
      0.09   0.815115   0.439158   0.570791
       0.1   0.815115   0.439158   0.570791
      0.11   0.815115   0.439237   0.570858
      0.12   0.815115   0.439342   0.570947
      0.13   0.815115    0.43944    0.57103
      0.14   0.815115   0.439397   0.570993
      0.15   0.815115   0.439858   0.571383
      0.16   0.814797   0.440726   0.572036
      0.17   0.814797   0.442004   0.573111
      0.18   0.814373   0.443054   0.573888
      0.19   0.813418    0.44492   0.575212
       0.2   0.811191    0.44658   0.576037
      0.21   0.810607   0.450053    0.57877
      0.22   0.810024   0.454193   0.582032
      0.23   0.810024   0.456957   0.584297
      0.24   0.809387   0.461661    0.58796
      0.25   0.809122   0.464736   0.590377
      0.26   0.807902   0.468392    0.59299
      0.27   0.807319   0.471703   0.595478
      0.28   0.805781   0.476321    0.59872
      0.29   0.804932   0.478498   0.600202
       0.3   0.802546   0.481066   0.601549
      0.31   0.798727   0.483591   0.602436
      0.32   0.797136   0.485123   0.603169
      0.33   0.789764   0.487693   0.603014
      0.34    0.78637   0.489154   0.603134
      0.35   0.781384   0.491225   0.603226
      0.36   0.777831   0.491998   0.602744
      0.37   0.768709    0.49348   0.601087
      0.38   0.762344   0.493642    0.59925
      0.39   0.753116   0.495135   0.597466
       0.4   0.748608    0.49681   0.597255
      0.41   0.740228   0.500084   0.596908
      0.42   0.728136   0.501818   0.594155
      0.43   0.717847   0.504948   0.592864
      0.44   0.702784    0.50874   0.590223
      0.45   0.694988   0.511835   0.589514
      0.46   0.690109   0.516543   0.590843
      0.47   0.683532   0.518884   0.589936
      0.48   0.678335   0.523226   0.590769
      0.49   0.665765   0.525574   0.587421
       0.5   0.655582   0.531161   0.586849
      0.51   0.644232   0.532964    0.58334
      0.52    0.64052   0.534404    0.58267
      0.53   0.624715   0.536496   0.577254
      0.54   0.611933   0.536957   0.571999
      0.55   0.598833   0.536707    0.56607
      0.56   0.591355     0.5376   0.563198
      0.57   0.581066   0.537726   0.558557
      0.58    0.57449   0.537355   0.555302
      0.59   0.553434   0.536579   0.544876
       0.6   0.545744   0.533464   0.539534
      0.61   0.532644   0.527936   0.530279
      0.62   0.520817   0.521634   0.521225
      0.63   0.509997   0.516591   0.513273
      0.64   0.494246    0.51239   0.503154
      0.65    0.48507   0.510348   0.497388
      0.66   0.467303   0.509935   0.487689
      0.67   0.459931   0.508917   0.483186
      0.68   0.449218   0.508614   0.477074
      0.69   0.438451   0.508187   0.470751
       0.7   0.426147   0.508379   0.463645
      0.71   0.411138   0.506653   0.453925
      0.72   0.407001   0.503713   0.450222
      0.73    0.39528    0.49977   0.441426
      0.74   0.385309    0.49391   0.432902
      0.75   0.370618   0.484711   0.420055
      0.76   0.361761    0.47915   0.412262
      0.77   0.344895   0.481958   0.402067
      0.78   0.335667    0.48651   0.397251
      0.79   0.325431   0.488387   0.390594
       0.8   0.318589   0.491733   0.386663
      0.81   0.304375   0.496758   0.377468
      0.82   0.293927   0.503867   0.371274
      0.83   0.284911   0.506499   0.364684
      0.84   0.276478   0.503662   0.356991
      0.85   0.267303   0.503386   0.349185
      0.86   0.253514   0.501912   0.336874
      0.87   0.246884   0.496278   0.329735
      0.88   0.238663   0.501851   0.323487
      0.89   0.225457   0.499725   0.310727
       0.9   0.219411   0.504368   0.305795
      0.91   0.215062   0.515171   0.303448
      0.92    0.21135   0.518048   0.300218
      0.93   0.201167   0.516476   0.289553
      0.94   0.197136   0.518797   0.285707
      0.95   0.187377   0.520325   0.275531
      0.96   0.182657   0.512755   0.269361
      0.97   0.164572   0.499093   0.247524
      0.98   0.155768   0.492395   0.236667
      0.99    0.14882   0.481629   0.227381
