         0          1    0.48887   0.656699
      0.01   0.854164   0.655018   0.741452
      0.02   0.854164   0.655937    0.74204
      0.03   0.854164   0.656326   0.742289
      0.04   0.854164   0.656822   0.742606
      0.05   0.854164   0.657319   0.742923
      0.06   0.854164   0.657923   0.743309
      0.07   0.854164   0.658564   0.743718
      0.08   0.854164   0.659135   0.744082
      0.09   0.854164   0.659993   0.744629
       0.1   0.854164   0.660603   0.745016
      0.11   0.854164   0.661285    0.74545
      0.12   0.854164   0.661645   0.745679
      0.13   0.854164    0.66177   0.745758
      0.14   0.854164   0.661878   0.745827
      0.15   0.854164   0.662167    0.74601
      0.16   0.854164   0.662311   0.746101
      0.17   0.854164   0.662419    0.74617
      0.18   0.854139   0.662544    0.74624
      0.19   0.854066    0.66323   0.746647
       0.2   0.854066   0.663646   0.746911
      0.21   0.854066   0.664226   0.747277
      0.22    0.85365   0.665407   0.747865
      0.23   0.853552   0.665716   0.748023
      0.24   0.853479   0.666758   0.748652
      0.25   0.853479   0.668044   0.749462
      0.26   0.853406   0.668821   0.749922
      0.27   0.853406   0.669802   0.750539
      0.28   0.853308   0.671372   0.751485
      0.29   0.853259   0.672799   0.752359
       0.3   0.852672   0.674826   0.753396
      0.31   0.852061   0.677018    0.75452
      0.32   0.851694   0.678535   0.755317
      0.33   0.850423   0.680078    0.75577
      0.34   0.850081   0.680882   0.756131
      0.35    0.84898   0.682482    0.75668
      0.36   0.847831   0.683562   0.756886
      0.37   0.845753   0.684993   0.756931
      0.38   0.844042   0.685723    0.75669
      0.39    0.84233   0.688206   0.757508
       0.4   0.840057   0.689774   0.757534
      0.41    0.83546   0.690638   0.756177
      0.42    0.83084   0.691782   0.754961
      0.43   0.827319   0.693414   0.754471
      0.44   0.821329   0.695013    0.75291
      0.45   0.817417   0.695936   0.751801
      0.46   0.811183   0.697895   0.750287
      0.47   0.804191   0.698416    0.74758
      0.48   0.797761   0.700876   0.746186
      0.49   0.792626   0.702445   0.744816
       0.5   0.784509   0.703465    0.74178
      0.51   0.774681     0.7038   0.737542
      0.52   0.768813   0.703761    0.73485
      0.53   0.757249    0.70432   0.729826
      0.54   0.748325   0.703882   0.725424
      0.55   0.736614   0.704093   0.719987
      0.56   0.727593   0.703704   0.715449
      0.57   0.716102   0.704395     0.7102
      0.58   0.704513   0.704198   0.704356
      0.59   0.689673   0.704066   0.696795
       0.6   0.679307   0.704794   0.691816
      0.61   0.662437   0.704903   0.683011
      0.62   0.650555   0.706085   0.677184
      0.63   0.641485   0.705507   0.671974
      0.64    0.62415   0.705239   0.662222
      0.65   0.618405   0.705499   0.659087
      0.66   0.607159   0.705123   0.652484
      0.67   0.595301   0.703477   0.644884
      0.68   0.579214   0.702981   0.635124
      0.69   0.573395   0.701502   0.631012
       0.7   0.563371   0.700549   0.624516
      0.71   0.549484   0.699479   0.615475
      0.72   0.541709   0.697703   0.609889
      0.73   0.529876   0.696977   0.602047
      0.74   0.521319   0.696486   0.596305
      0.75   0.508581   0.694597    0.58721
      0.76   0.499413   0.693482   0.580661
      0.77   0.490465   0.691747   0.573971
      0.78   0.482861    0.68898   0.567793
      0.79   0.469024   0.686385   0.557259
       0.8   0.461958   0.683774   0.551394
      0.81    0.45235   0.680052   0.543308
      0.82   0.441152   0.677567   0.534379
      0.83   0.432766   0.675941   0.527685
      0.84   0.419686   0.671604   0.516568
      0.85   0.409198   0.668682   0.507706
      0.86   0.393453   0.666468   0.494799
      0.87   0.386827   0.663171   0.488634
      0.88    0.37585   0.659125   0.478721
      0.89   0.367439    0.65538    0.47088
       0.9   0.355386     0.6502   0.459577
      0.91   0.339421   0.644224   0.444598
      0.92   0.327221   0.639732   0.432976
      0.93      0.306   0.633052   0.412573
      0.94   0.289644   0.628115   0.396465
      0.95   0.272016   0.622235   0.378547
      0.96   0.265782   0.625114   0.372982
      0.97   0.254951   0.620461     0.3614
      0.98   0.244951   0.617714   0.350796
      0.99   0.236957    0.61528   0.342146
