         0          1   0.242084   0.389803
      0.01   0.977646    0.53766   0.693776
      0.02   0.977646    0.53766   0.693776
      0.03   0.977646    0.53766   0.693776
      0.04   0.977646    0.53766   0.693776
      0.05   0.977646    0.53766   0.693776
      0.06   0.977646    0.53766   0.693776
      0.07   0.977646    0.53766   0.693776
      0.08   0.977646    0.53766   0.693776
      0.09   0.977646    0.53766   0.693776
       0.1   0.977646   0.537694   0.693804
      0.11   0.977646   0.537694   0.693804
      0.12   0.977646   0.537727   0.693831
      0.13   0.977646    0.53776   0.693859
      0.14   0.977646   0.537827   0.693915
      0.15   0.977646   0.537927   0.693998
      0.16   0.977646   0.538061   0.694109
      0.17   0.977646   0.538462   0.694443
      0.18   0.977646   0.538634   0.694586
      0.19   0.977646    0.53927   0.695115
       0.2   0.977646   0.539711   0.695481
      0.21   0.977467   0.540939   0.696454
      0.22   0.977228   0.542476   0.697666
      0.23   0.977049   0.544163   0.699013
      0.24   0.975315   0.546351    0.70037
      0.25   0.975315    0.54808   0.701789
      0.26   0.975076   0.550805   0.703956
      0.27   0.975076   0.553306   0.705996
      0.28   0.975076   0.557348   0.709277
      0.29   0.975076   0.560656    0.71195
       0.3   0.973403    0.56485   0.714871
      0.31   0.972626   0.568688   0.717726
      0.32   0.970892   0.571342   0.719361
      0.33   0.969817   0.576826   0.723393
      0.34   0.969159   0.580884   0.726391
      0.35     0.9688   0.586958    0.73102
      0.36   0.967904   0.590987   0.733879
      0.37   0.962883   0.596359   0.736542
      0.38   0.958879   0.600132    0.73823
      0.39   0.948658   0.605686   0.739333
       0.4   0.946267   0.609465   0.741409
      0.41   0.941008   0.614332   0.743363
      0.42   0.929771   0.619396   0.743492
      0.43   0.918893   0.621746   0.741664
      0.44   0.913215   0.627213   0.743664
      0.45   0.909091   0.629679   0.744017
      0.46   0.901201   0.632119   0.743049
      0.47   0.896121   0.632261   0.741415
      0.48    0.88608   0.636364   0.740742
      0.49   0.877772    0.63669   0.738043
       0.5   0.868806   0.638046   0.735756
      0.51   0.845855    0.63679   0.726582
      0.52   0.838085   0.636038   0.723215
      0.53   0.810711   0.634914   0.712123
      0.54    0.80055   0.633693   0.707416
      0.55    0.78244   0.632903   0.699772
      0.56   0.773295   0.629826   0.694226
      0.57   0.755185   0.627503   0.685449
      0.58   0.743112   0.625637   0.679333
      0.59   0.736298   0.625159   0.676192
       0.6     0.7253   0.623601   0.670617
      0.61    0.71514   0.620109   0.664243
      0.62   0.697866   0.616619   0.654732
      0.63   0.685135   0.613677    0.64744
      0.64   0.666129   0.611483   0.637637
      0.65   0.659016   0.609113   0.633083
      0.66   0.641444   0.606143   0.623294
      0.67   0.623214   0.603307   0.613099
      0.68   0.608571   0.601196   0.604861
      0.69   0.600681   0.598869   0.599774
       0.7   0.591178   0.597082   0.594115
      0.71   0.578627   0.595511   0.586947
      0.72   0.570797   0.593677   0.582012
      0.73   0.555854   0.596818   0.575608
      0.74   0.548742   0.597133   0.571916
      0.75   0.536131   0.604313   0.568184
      0.76   0.524416    0.61019   0.564061
      0.77   0.509234    0.61977   0.559091
      0.78   0.501584   0.629147    0.55817
      0.79   0.488973   0.639854    0.55433
       0.8   0.473014   0.646653   0.546369
      0.81   0.462973   0.651761   0.541381
      0.82   0.448987   0.661105    0.53478
      0.83   0.446118    0.66914    0.53533
      0.84   0.436196   0.678606   0.531046
      0.85   0.428068   0.687516   0.527622
      0.86   0.419461   0.699286   0.524378
      0.87   0.414918   0.705466   0.522519
      0.88   0.406073   0.713838   0.517666
      0.89   0.395912   0.719965   0.510885
       0.9   0.385751   0.725107   0.503594
      0.91   0.373618   0.725465   0.493223
      0.92   0.367462   0.726565   0.488077
      0.93   0.359751   0.730847   0.482163
      0.94   0.355687   0.735572   0.479507
      0.95   0.347798   0.738121    0.47281
      0.96   0.338115   0.737393   0.463639
      0.97   0.328253   0.740813   0.454928
      0.98   0.322694    0.73848   0.449131
      0.99    0.31343   0.742566   0.440802
