         0          1   0.319512   0.484288
      0.01   0.726661   0.351713   0.474003
      0.02   0.726661   0.351713   0.474003
      0.03   0.726661   0.351713   0.474003
      0.04   0.726661   0.351713   0.474003
      0.05   0.726661   0.351713   0.474003
      0.06   0.726661   0.351677    0.47397
      0.07   0.726661    0.35164   0.473937
      0.08   0.726661   0.351604   0.473904
      0.09   0.726661   0.351604   0.473904
       0.1   0.726308   0.351588   0.473814
      0.11   0.726237   0.351515   0.473733
      0.12   0.726237   0.351555   0.473769
      0.13   0.725883   0.351436   0.473585
      0.14   0.725671   0.351389   0.473498
      0.15   0.725104   0.351217   0.473221
      0.16   0.725034    0.35135   0.473327
      0.17   0.724467   0.351498    0.47334
      0.18   0.724043     0.3517   0.473433
      0.19   0.721707    0.35197   0.473176
       0.2   0.720999   0.352183   0.473216
      0.21   0.718947   0.352603   0.473152
      0.22   0.715974   0.353385   0.473208
      0.23   0.713851   0.354084   0.473369
      0.24   0.707623    0.35519   0.472973
      0.25   0.704508   0.355618   0.472653
      0.26   0.697502   0.355407    0.47088
      0.27   0.692193   0.355171   0.469458
      0.28    0.67641   0.353982    0.46475
      0.29   0.670323   0.353713   0.463074
       0.3   0.655107   0.352734   0.458561
      0.31   0.629839     0.3504    0.45029
      0.32   0.622974   0.350445   0.448559
      0.33   0.606695   0.350274    0.44413
      0.34    0.59431   0.351124   0.441441
      0.35   0.574563    0.35216   0.436674
      0.36   0.563451   0.353287   0.434279
      0.37   0.541227   0.355158   0.428881
      0.38   0.529761   0.356254   0.426019
      0.39   0.517305   0.356918   0.422399
       0.4   0.505202   0.358559   0.419432
      0.41   0.489348   0.360879   0.415408
      0.42   0.472928   0.361676   0.409887
      0.43   0.458277   0.363189    0.40523
      0.44   0.446316   0.364144   0.401064
      0.45   0.436761   0.365741   0.398109
      0.46   0.421332   0.369117     0.3935
      0.47   0.413617   0.371184   0.391253
      0.48   0.402293    0.37384   0.387545
      0.49   0.395216    0.37508   0.384885
       0.5   0.384033   0.378932   0.381465
      0.51   0.373629   0.381429   0.377489
      0.52   0.367542   0.383991   0.375586
      0.53   0.360323   0.389119   0.374168
      0.54    0.35367   0.392118   0.371903
      0.55     0.3473   0.395386   0.369786
      0.56   0.340505   0.396412   0.366338
      0.57   0.332366   0.398263   0.362343
      0.58   0.327978   0.400137   0.360482
      0.59   0.308514   0.402817   0.349415
       0.6   0.306037   0.404818   0.348564
      0.61   0.298535   0.407205   0.344503
      0.62   0.293085   0.408495   0.341298
      0.63   0.288343   0.409984   0.338569
      0.64   0.282964   0.412253   0.335587
      0.65   0.280416   0.412292   0.333801
      0.66   0.270224   0.412818   0.326637
      0.67   0.266544   0.414169   0.324349
      0.68   0.259679   0.416587    0.31993
      0.69   0.256777   0.417983   0.318123
       0.7   0.254158   0.419518   0.316544
      0.71   0.249345   0.419756    0.31285
      0.72    0.24708   0.421267   0.311475
      0.73   0.241772   0.424957     0.3082
      0.74   0.237596   0.426462   0.305171
      0.75   0.230873    0.42826   0.300011
      0.76   0.225777   0.430094   0.296111
      0.77   0.220044   0.430461   0.291221
      0.78   0.211975   0.431435   0.284278
      0.79   0.204402   0.432222   0.277549
       0.8   0.202562   0.431679   0.275737
      0.81   0.199023   0.430993   0.272303
      0.82    0.19322   0.433476   0.267294
      0.83   0.189539   0.434569   0.263954
      0.84   0.181754   0.440952   0.257408
      0.85   0.180834   0.445219   0.257201
      0.86   0.169934   0.447426   0.246316
      0.87   0.164838    0.45465   0.241954
      0.88   0.157194   0.457553   0.233998
      0.89   0.149763   0.462055   0.226207
       0.9   0.144667   0.469298   0.221159
      0.91   0.142119   0.468504   0.218083
      0.92    0.13858   0.467328    0.21377
      0.93   0.131786   0.469369   0.205791
      0.94   0.125133   0.468246   0.197489
      0.95   0.118763   0.463636   0.189089
      0.96   0.114799   0.457503   0.183543
      0.97   0.111827   0.460407   0.179947
      0.98   0.108005   0.458234   0.174808
      0.99  0.0970345   0.453024   0.159834
