         0          1   0.384732   0.555677
      0.01   0.769936   0.496591   0.603766
      0.02   0.769936   0.496591   0.603766
      0.03   0.769936   0.496591   0.603766
      0.04   0.769936   0.496591   0.603766
      0.05   0.769936   0.496591   0.603766
      0.06   0.769936   0.496591   0.603766
      0.07   0.769936   0.496618   0.603786
      0.08   0.769936   0.496618   0.603786
      0.09   0.769936   0.496618   0.603786
       0.1   0.769936    0.49678   0.603906
      0.11   0.769936    0.49697   0.604046
      0.12   0.769936   0.497051   0.604106
      0.13   0.769936   0.497187   0.604206
      0.14   0.769936   0.497322   0.604307
      0.15   0.769879   0.497485   0.604409
      0.16   0.769879    0.49762   0.604509
      0.17   0.769879   0.497864   0.604689
      0.18   0.769821   0.497999   0.604771
      0.19   0.769821   0.498462   0.605112
       0.2   0.769707   0.499146    0.60558
      0.21   0.769478        0.5   0.606137
      0.22   0.769134   0.501253    0.60695
      0.23   0.768389   0.501677   0.607029
      0.24   0.767358   0.502481   0.607294
      0.25   0.765811   0.502581   0.606882
      0.26   0.764895   0.503869   0.607531
      0.27   0.761286   0.504589   0.606911
      0.28   0.759624   0.506487   0.607751
      0.29   0.757104   0.508022   0.608043
       0.3   0.753666   0.510491    0.60869
      0.31   0.751547   0.514373   0.610742
      0.32   0.750115    0.51694   0.612072
      0.33   0.745302   0.520148   0.612695
      0.34   0.738199   0.522484   0.611886
      0.35   0.731095   0.528117   0.613247
      0.36   0.728288   0.531792   0.614719
      0.37   0.721987   0.538309   0.616763
      0.38   0.717175   0.543231     0.6182
      0.39   0.707379   0.553076   0.620782
       0.4   0.703598   0.558172   0.622504
      0.41   0.689734    0.56497   0.621149
      0.42   0.676673   0.573211    0.62066
      0.43   0.669225   0.578363   0.620485
      0.44   0.654216   0.586512   0.618517
      0.45   0.644764    0.59078   0.616593
      0.46   0.632676    0.59841   0.615066
      0.47   0.627864   0.605331   0.616392
      0.48   0.616808   0.613104    0.61495
      0.49   0.608272   0.617541   0.612871
       0.5   0.595211    0.62582   0.610132
      0.51   0.582149   0.631712   0.605919
      0.52   0.573213   0.634654   0.602371
      0.53   0.558261   0.637836   0.595401
      0.54   0.551558   0.642301   0.593481
      0.55   0.535575   0.645379   0.585372
      0.56   0.525435   0.649052   0.580738
      0.57   0.508536   0.649433   0.570412
      0.58   0.495933    0.64964   0.562474
      0.59   0.483731   0.650602   0.554892
       0.6   0.476742   0.652211    0.55084
      0.61   0.458123   0.654405   0.538949
      0.62   0.447296    0.65968   0.533114
      0.63   0.441797   0.662569   0.530116
      0.64   0.428105   0.660063   0.519362
      0.65   0.422033   0.656841   0.513885
      0.66   0.409429   0.651847   0.502951
      0.67   0.395681   0.648855   0.491586
      0.68   0.375229   0.646244   0.474784
      0.69   0.368068   0.645306   0.468764
       0.7   0.353346    0.63851   0.454935
      0.71   0.338222   0.633885   0.441091
      0.72   0.324301   0.631181    0.42846
      0.73   0.308776   0.638612   0.416278
      0.74    0.29772   0.641026   0.406598
      0.75   0.284773   0.637083   0.393606
      0.76   0.277727   0.630292   0.385563
      0.77   0.266212   0.622633   0.372961
      0.78   0.257505   0.616346   0.363247
      0.79   0.247651   0.605331   0.351498
       0.8   0.241579   0.598396     0.3442
      0.81   0.231324   0.588202   0.332059
      0.82   0.222216   0.578791   0.321137
      0.83   0.215628   0.570552   0.312974
      0.84   0.203368   0.553816   0.297493
      0.85   0.197812   0.544347   0.290176
      0.86   0.180225   0.527233   0.268625
      0.87   0.174954   0.521008   0.261947
      0.88   0.162179   0.508183   0.245887
      0.89   0.156049    0.49661   0.237477
       0.9   0.145738   0.477679   0.223337
      0.91   0.134681   0.451951   0.207521
      0.92   0.128724   0.439169   0.199092
      0.93   0.122078     0.4238   0.189554
      0.94    0.11423   0.413567   0.179015
      0.95   0.106267   0.412456   0.168994
      0.96   0.101512   0.427822    0.16409
      0.97  0.0937214   0.429439   0.153863
      0.98  0.0820921   0.426667   0.137692
      0.99  0.0757333   0.442495   0.129331
