         0          1   0.289124   0.448559
      0.01   0.902832   0.505277   0.647933
      0.02   0.902832   0.505277   0.647933
      0.03   0.902832   0.505277   0.647933
      0.04   0.902832   0.505277   0.647933
      0.05   0.902832   0.505277   0.647933
      0.06   0.902832   0.505277   0.647933
      0.07   0.902832   0.505277   0.647933
      0.08   0.902832   0.505277   0.647933
      0.09   0.902832   0.505277   0.647933
       0.1   0.902832   0.505277   0.647933
      0.11   0.902832   0.505312   0.647962
      0.12   0.902832   0.505595   0.648195
      0.13   0.902832    0.50627   0.648749
      0.14   0.902832   0.506769   0.649158
      0.15   0.902832   0.507447   0.649714
      0.16   0.901474   0.508093   0.649891
      0.17   0.901474   0.509347   0.650917
      0.18   0.901474   0.510789   0.652092
      0.19   0.900795   0.512424   0.653245
       0.2   0.900795   0.514365    0.65482
      0.21    0.90065   0.517175   0.657053
      0.22   0.900456   0.520806   0.659925
      0.23   0.900359   0.522666    0.66139
      0.24   0.900359   0.525732   0.663839
      0.25   0.900359   0.528414   0.665973
      0.26   0.899777   0.532154   0.668775
      0.27   0.899728   0.535073   0.671062
      0.28   0.899486   0.539267   0.674283
      0.29   0.898322    0.54229   0.676312
       0.3   0.898274   0.546852   0.679834
      0.31   0.897401   0.552564   0.683977
      0.32   0.897062   0.556502   0.686886
      0.33   0.895413   0.561295   0.690037
      0.34   0.894007   0.564533   0.692057
      0.35   0.892504   0.569112   0.695032
      0.36   0.891583   0.573131   0.697739
      0.37   0.888576   0.579998   0.701868
      0.38   0.886976   0.583475   0.703905
      0.39   0.884261   0.588714   0.706837
       0.4   0.883437   0.592298   0.709149
      0.41   0.881303   0.596652   0.711566
      0.42    0.87757   0.601507   0.713776
      0.43   0.875873   0.604893   0.715588
      0.44   0.869957   0.608732   0.716271
      0.45   0.867242   0.610809   0.716781
      0.46   0.858611   0.616359   0.717591
      0.47   0.853617   0.620531   0.718647
      0.48   0.847799   0.626742     0.7207
      0.49   0.841204   0.629059   0.719826
       0.5   0.824428   0.635178   0.717534
      0.51   0.809979   0.641501   0.715962
      0.52   0.805178   0.646546   0.717195
      0.53   0.798245   0.655073   0.719607
      0.54   0.793348   0.659761   0.720414
      0.55    0.78942   0.666787    0.72294
      0.56   0.784814   0.672478   0.724316
      0.57   0.777395   0.680041   0.725467
      0.58   0.771625   0.684503   0.725458
      0.59   0.764789   0.692688   0.726955
       0.6   0.760522   0.697652   0.727731
      0.61   0.748157   0.701562   0.724111
      0.62   0.734484   0.706176   0.720052
      0.63    0.72595   0.708095   0.716911
      0.64   0.714507   0.710611   0.712554
      0.65   0.706022   0.710857   0.708431
      0.66   0.691185   0.711134   0.701018
      0.67    0.67596   0.712898   0.693938
      0.68    0.66122    0.71356   0.686394
      0.69   0.652541   0.712355   0.681137
       0.7   0.637316   0.714141   0.673545
      0.71   0.617581   0.716104   0.663204
      0.72   0.604005   0.713224   0.654087
      0.73   0.581555   0.711485   0.639992
      0.74   0.564391   0.707644   0.627951
      0.75   0.535735   0.704488   0.608631
      0.76   0.518813   0.699893     0.5959
      0.77    0.49423     0.7004   0.579525
      0.78   0.480848   0.696539   0.568937
      0.79   0.462083   0.693288   0.554552
       0.8   0.453646   0.688839   0.547034
      0.81    0.43396   0.679756   0.529735
      0.82    0.40962   0.671408   0.508816
      0.83   0.395413   0.669009   0.497049
      0.84   0.377909   0.667463   0.482585
      0.85   0.364381   0.665132   0.470828
      0.86   0.339847   0.660342   0.448746
      0.87   0.323798   0.652025    0.43271
      0.88   0.304548   0.643411   0.413414
      0.89   0.285929   0.634636   0.394238
       0.9   0.265273   0.626822   0.372784
      0.91   0.247285   0.618692   0.353342
      0.92   0.232739   0.614679   0.337636
      0.93   0.215623   0.600709   0.317338
      0.94   0.206507   0.592399   0.306255
      0.95   0.189052   0.580923   0.285268
      0.96   0.184542   0.579371   0.279923
      0.97   0.175039    0.57289   0.268148
      0.98   0.171257   0.564103   0.262746
      0.99   0.161026   0.555769   0.249704
