         0          1   0.108911   0.196429
      0.01   0.900349   0.168483   0.283849
      0.02   0.900349   0.168483   0.283849
      0.03   0.900349   0.168483   0.283849
      0.04   0.900349   0.168483   0.283849
      0.05   0.900349   0.168483   0.283849
      0.06   0.900349   0.168483   0.283849
      0.07   0.900349   0.168483   0.283849
      0.08   0.900349   0.168483   0.283849
      0.09   0.900349   0.168483   0.283849
       0.1   0.900349   0.168483   0.283849
      0.11   0.900349   0.168483   0.283849
      0.12   0.900349   0.168483   0.283849
      0.13   0.900349   0.168512    0.28389
      0.14   0.900349    0.16856   0.283958
      0.15   0.900349   0.168618    0.28404
      0.16   0.900349   0.168744    0.28422
      0.17   0.900215   0.169435   0.285192
      0.18   0.900215   0.169945   0.285915
      0.19   0.900215   0.170866   0.287217
       0.2   0.897666    0.17159   0.288108
      0.21   0.897264   0.172944   0.289993
      0.22   0.897264   0.174721   0.292487
      0.23    0.89713   0.176016   0.294293
      0.24   0.896862   0.178554   0.297816
      0.25   0.895655   0.179974   0.299721
      0.26    0.89485   0.182396   0.303026
      0.27   0.892167   0.183409   0.304267
      0.28   0.890692   0.184868   0.306185
      0.29   0.887876   0.185555   0.306959
       0.3   0.885998   0.185328   0.306536
      0.31   0.879694   0.185799   0.306799
      0.32   0.877012    0.18669   0.307848
      0.33   0.869233   0.187251   0.308126
      0.34   0.865746   0.188062   0.309002
      0.35   0.858637   0.189256   0.310151
      0.36   0.848578   0.189854   0.310287
      0.37   0.842543   0.190722   0.311037
      0.38   0.836105   0.190995   0.310957
      0.39   0.815048   0.191826   0.310559
       0.4   0.802709   0.191695   0.309482
      0.41   0.780714   0.191548   0.307621
      0.42   0.751609   0.190672   0.304178
      0.43   0.739405   0.191228   0.303868
      0.44   0.716872    0.19092   0.301534
      0.45   0.693267   0.190092   0.298371
      0.46   0.674222   0.191399   0.298157
      0.47   0.664029   0.191747   0.297568
      0.48   0.640558   0.189542   0.292525
      0.49   0.628487   0.189711   0.291447
       0.5   0.601529   0.188521   0.287073
      0.51    0.58235   0.187256   0.283388
      0.52   0.569072   0.186222   0.280616
      0.53   0.552441   0.184795   0.276949
      0.54   0.535676   0.182086   0.271787
      0.55   0.517302   0.177943   0.264799
      0.56   0.496111   0.175445    0.25922
      0.57    0.47331   0.173607   0.254035
      0.58   0.458959   0.171584   0.249784
      0.59   0.440317   0.170055   0.245353
       0.6   0.425161   0.171913    0.24483
      0.61   0.396727   0.173972   0.241877
      0.62   0.386534    0.17853   0.244248
      0.63   0.370708   0.180222   0.242534
      0.64    0.35515    0.18414   0.242531
      0.65   0.349115   0.186375   0.243016
      0.66   0.338385   0.189417   0.242879
      0.67   0.311829   0.188412   0.234896
      0.68   0.297613   0.190043   0.231964
      0.69   0.293187   0.193373   0.233042
       0.7   0.272935   0.190995   0.224728
      0.71    0.25684   0.192453   0.220033
      0.72   0.242892   0.194444   0.215985
      0.73   0.233637   0.202342   0.216867
      0.74   0.224115   0.206921   0.215175
      0.75   0.193804   0.209664   0.201422
      0.76   0.183074   0.206406   0.194041
      0.77   0.168053   0.208167   0.185971
      0.78   0.147398   0.201493   0.170252
      0.79   0.133718   0.201671    0.16081
       0.8   0.121915    0.20156   0.151933
      0.81   0.109308   0.207101   0.143092
      0.82  0.0996513   0.211704   0.135514
      0.83    0.09603    0.22037   0.133768
      0.84  0.0905311   0.223427   0.128852
      0.85  0.0830204   0.228571   0.121801
      0.86  0.0788627   0.223118   0.116535
      0.87  0.0694742   0.214925   0.105006
      0.88  0.0677307    0.22028   0.103605
      0.89  0.0645118   0.212355  0.0989603
       0.9  0.0515021   0.178571  0.0799467
      0.91   0.045735    0.15625  0.0707586
      0.92  0.0395655   0.141243  0.0618151
      0.93  0.0337983   0.132075  0.0538232
      0.94  0.0319206   0.108108  0.0492881
      0.95  0.0281652  0.0820896  0.0419405
      0.96  0.0281652  0.0827068  0.0420206
      0.97  0.0281652  0.0887097  0.0427556
      0.98  0.0281652   0.092437  0.0431751
      0.99  0.0281652  0.0990991  0.0438638
