         0          1   0.354609   0.523559
      0.01   0.915677   0.581387   0.711209
      0.02   0.915677   0.581387   0.711209
      0.03   0.915677   0.581387   0.711209
      0.04   0.915677   0.581387   0.711209
      0.05   0.915677   0.581387   0.711209
      0.06   0.915677   0.581387   0.711209
      0.07   0.915677   0.581387   0.711209
      0.08   0.915677   0.581387   0.711209
      0.09   0.915677   0.581387   0.711209
       0.1   0.915677   0.581387   0.711209
      0.11   0.915677   0.581387   0.711209
      0.12   0.915677   0.581387   0.711209
      0.13   0.915677   0.581387   0.711209
      0.14   0.915677   0.581417   0.711232
      0.15   0.915677   0.581448   0.711255
      0.16   0.915677   0.581571   0.711347
      0.17   0.915677   0.581663   0.711416
      0.18   0.915677    0.58194   0.711623
      0.19   0.915677   0.582495   0.712037
       0.2   0.915677   0.582958   0.712383
      0.21   0.915677   0.583855   0.713053
      0.22   0.915677   0.584795   0.713753
      0.23   0.915677   0.585757   0.714469
      0.24   0.915637   0.587663   0.715873
      0.25   0.915637   0.588412   0.716428
      0.26   0.915597   0.590325   0.717832
      0.27   0.915597   0.591208   0.718485
      0.28   0.915597   0.594275   0.720745
      0.29   0.915597   0.595874    0.72192
       0.3   0.915597   0.598948   0.724171
      0.31   0.915436   0.601932   0.726297
      0.32   0.915194   0.603927   0.727672
      0.33    0.91451   0.606277   0.729157
      0.34   0.913262   0.608388   0.730283
      0.35   0.911652   0.611224   0.731805
      0.36   0.911089   0.613098   0.732964
      0.37   0.910163   0.615999   0.734731
      0.38   0.909318   0.616979   0.735152
      0.39   0.905695   0.619259   0.735576
       0.4   0.902918   0.620868   0.735789
      0.41   0.900342   0.623757   0.736953
      0.42   0.898008   0.626428   0.738027
      0.43   0.896196   0.627295   0.738015
      0.44   0.893661   0.630474   0.739344
      0.45   0.891849   0.632017   0.739781
      0.46   0.888348   0.634404   0.740201
      0.47    0.88714   0.635561   0.740568
      0.48    0.88392   0.637129   0.740503
      0.49   0.882954   0.638717   0.741235
       0.5   0.881385   0.641169   0.742327
      0.51   0.875951   0.642667   0.741391
      0.52   0.874663   0.644316   0.742024
      0.53   0.871161   0.646633    0.74229
      0.54   0.868827   0.647632   0.742097
      0.55   0.866372   0.650662   0.743181
      0.56   0.864279   0.651582   0.743008
      0.57   0.861501   0.652791   0.742763
      0.58   0.857637   0.652839   0.741354
      0.59   0.849748   0.654593   0.739512
       0.6   0.844234   0.655907   0.738249
      0.61   0.836949   0.657087   0.736192
      0.62   0.829342    0.65786   0.733715
      0.63   0.821815   0.658207   0.730968
      0.64   0.810143   0.659845    0.72731
      0.65   0.804749   0.660709    0.72565
      0.66   0.794124   0.661016   0.721482
      0.67   0.787201   0.660868   0.718524
      0.68   0.773918   0.658953   0.711823
      0.69   0.764339   0.658067   0.707233
       0.7   0.751097    0.65687    0.70083
      0.71   0.738177   0.655813   0.694561
      0.72   0.729282   0.655278   0.690302
      0.73   0.717368   0.655044   0.684791
      0.74   0.710364   0.654487   0.681282
      0.75   0.698088   0.652775   0.674672
      0.76   0.688589   0.650583   0.669047
      0.77   0.671886   0.647827   0.659637
      0.78   0.661179   0.645711   0.653354
      0.79   0.641417   0.643414   0.642414
       0.8    0.62749   0.642521   0.634917
      0.81   0.619199   0.642245   0.630512
      0.82   0.602415   0.641019   0.621118
      0.83   0.592393   0.639892   0.615227
      0.84   0.573033   0.638252   0.603887
      0.85   0.563655   0.637197   0.598174
      0.86   0.548601   0.637877    0.58988
      0.87   0.535882   0.640632   0.583594
      0.88   0.522721   0.639824   0.575374
      0.89   0.507064   0.640788   0.566137
       0.9   0.488911   0.639269   0.554071
      0.91    0.47414   0.636987    0.54363
      0.92   0.468102   0.636976   0.539636
      0.93   0.455504   0.636778   0.531099
      0.94   0.448179   0.636968   0.526151
      0.95   0.435701   0.638764   0.518044
      0.96   0.429342   0.637918   0.513249
      0.97   0.416261   0.636364   0.503301
      0.98   0.408815   0.634207   0.497158
      0.99    0.39348   0.634595   0.485763
