         0          1   0.308236   0.471224
      0.01   0.903119   0.520487   0.660382
      0.02   0.903119   0.520487   0.660382
      0.03   0.903119   0.520487   0.660382
      0.04   0.903119   0.520487   0.660382
      0.05   0.903119   0.520487   0.660382
      0.06   0.903119   0.520487   0.660382
      0.07   0.903119   0.520487   0.660382
      0.08   0.903119   0.520487   0.660382
      0.09   0.903119   0.520518   0.660407
       0.1   0.903119   0.520579   0.660456
      0.11   0.903119   0.520641   0.660505
      0.12   0.903119   0.520671    0.66053
      0.13   0.903119   0.520825   0.660653
      0.14   0.903119   0.520886   0.660703
      0.15   0.903119   0.521196   0.660952
      0.16   0.903119   0.521413   0.661127
      0.17   0.903119   0.521662   0.661327
      0.18   0.903119   0.521613   0.661288
      0.19   0.903119   0.521521   0.661213
       0.2   0.902867   0.521469   0.661104
      0.21   0.902716   0.521664   0.661221
      0.22   0.902565    0.52202   0.661466
      0.23   0.902515   0.522304    0.66168
      0.24   0.902213   0.522573   0.661815
      0.25   0.902062   0.522917    0.66205
      0.26   0.901962   0.523562    0.66254
      0.27   0.901811   0.524245   0.663045
      0.28   0.901258   0.525144   0.663614
      0.29   0.901006   0.525818   0.664084
       0.3   0.900654   0.527437   0.665277
      0.31   0.900151   0.529036    0.66641
      0.32        0.9   0.530297   0.667368
      0.33   0.899799    0.53189   0.668573
      0.34   0.898944   0.533449   0.669566
      0.35   0.898239   0.536563   0.671816
      0.36   0.896982   0.538462   0.672949
      0.37   0.895272   0.540229   0.673844
      0.38   0.893662   0.541335   0.674246
      0.39   0.889638     0.5438      0.675
       0.4   0.886217   0.545085   0.674999
      0.41   0.880131   0.547483   0.675052
      0.42   0.876459   0.549956    0.67584
      0.43   0.872082   0.551209   0.675476
      0.44     0.8667   0.553497   0.675562
      0.45   0.859105   0.555055   0.674394
      0.46   0.850201   0.557348   0.673309
      0.47   0.845322   0.558798   0.672826
      0.48   0.840392   0.561176   0.672972
      0.49   0.834155   0.562683   0.672039
       0.5   0.826509   0.564851   0.671076
      0.51   0.820523   0.567587    0.67101
      0.52   0.817354   0.569916   0.671568
      0.53   0.812827   0.573946   0.672812
      0.54   0.807948   0.577176   0.673337
      0.55   0.803722   0.582013   0.675132
      0.56   0.798843   0.583932   0.674687
      0.57   0.792254   0.586709   0.674163
      0.58   0.787123   0.590209   0.674589
      0.59   0.779225   0.595532   0.675106
       0.6   0.766851   0.598948   0.672579
      0.61   0.754829   0.605157   0.671757
      0.62   0.748893   0.610409   0.672597
      0.63   0.743964   0.614329    0.67296
      0.64   0.738179   0.619744   0.673797
      0.65   0.728974   0.622428   0.671501
      0.66   0.714235   0.626837   0.667688
      0.67   0.707696   0.631076   0.667193
      0.68   0.698692    0.63609   0.665923
      0.69   0.688078   0.637372   0.661755
       0.7   0.676459   0.639761   0.657598
      0.71   0.665443   0.642185   0.653607
      0.72   0.660312   0.644219   0.652166
      0.73    0.65508   0.649166    0.65211
      0.74   0.648491   0.652376   0.650428
      0.75   0.638028   0.655802   0.646793
      0.76   0.630533   0.656278   0.643148
      0.77   0.618863   0.659164   0.638378
      0.78   0.610563   0.660422   0.634515
      0.79   0.600151   0.663956   0.630443
       0.8   0.591348   0.666778   0.626802
      0.81   0.583954   0.674879   0.626133
      0.82   0.578018   0.678876   0.624401
      0.83   0.571881   0.683865    0.62288
      0.84    0.56504   0.683846   0.618792
      0.85   0.561066   0.685164   0.616936
      0.86    0.55327   0.686817   0.612853
      0.87   0.550654    0.68776   0.611618
      0.88   0.540694   0.688588   0.605745
      0.89   0.536117   0.689475   0.603201
       0.9   0.530131   0.689148    0.59927
      0.91   0.520573   0.685816   0.591878
      0.92   0.512022   0.684785   0.585934
      0.93    0.50669   0.683988   0.582139
      0.94   0.503471   0.682356   0.579421
      0.95   0.488481   0.676671   0.567378
      0.96   0.482143   0.671758   0.561371
      0.97   0.456187   0.662873   0.540443
      0.98   0.442907   0.657998   0.529441
      0.99   0.434155   0.653768   0.521795
