         0          1   0.363236   0.532903
      0.01    0.72505   0.576164   0.642089
      0.02    0.72505   0.576164   0.642089
      0.03    0.72505   0.576164   0.642089
      0.04    0.72505   0.576205   0.642114
      0.05    0.72505   0.576245   0.642139
      0.06    0.72505   0.576366   0.642214
      0.07    0.72505   0.576447   0.642264
      0.08    0.72505   0.576923    0.64256
      0.09   0.724791   0.577139   0.642592
       0.1   0.724705   0.578384    0.64333
      0.11   0.724188   0.580453   0.644403
      0.12   0.720356   0.581909   0.643773
      0.13   0.714157   0.583603   0.642313
      0.14   0.711745   0.585747   0.642629
      0.15   0.707311   0.590139   0.643434
      0.16     0.7049   0.593551   0.644451
      0.17   0.696289    0.59914   0.644072
      0.18   0.683372   0.604374    0.64145
      0.19   0.665935   0.610837   0.637197
       0.2   0.659563   0.616671   0.637396
      0.21   0.644579   0.624507   0.634385
      0.22   0.630586   0.632955   0.631769
      0.23   0.620555   0.640936   0.630581
      0.24   0.609145   0.651692   0.629701
      0.25   0.595023   0.658683   0.625237
      0.26   0.578016   0.669559   0.620429
      0.27   0.557522   0.676245   0.611171
      0.28    0.53453   0.685689   0.600747
      0.29   0.522216   0.691133   0.594917
       0.3    0.50099   0.699061    0.58368
      0.31    0.48084   0.705969   0.572052
      0.32   0.470335   0.710854   0.566107
      0.33   0.457849   0.717437   0.558975
      0.34   0.447387   0.721637   0.552343
      0.35   0.434169   0.726672   0.543569
      0.36   0.428571   0.728888   0.539769
      0.37   0.417937   0.731693      0.532
      0.38   0.412254   0.734023   0.527977
      0.39   0.406699    0.73769   0.524329
       0.4   0.402652   0.739268   0.521346
      0.41    0.39783   0.740325   0.517546
      0.42    0.39107   0.738728   0.511409
      0.43   0.385172   0.737307   0.506005
      0.44   0.379919   0.735077   0.500934
      0.45   0.377293   0.732506   0.498053
      0.46   0.368983   0.728364   0.489825
      0.47   0.362482   0.725577   0.483445
      0.48   0.355765   0.723038   0.476884
      0.49   0.353096   0.721056   0.474052
       0.5   0.344226   0.712319   0.464152
      0.51   0.335486   0.705911   0.454818
      0.52   0.326832   0.701118   0.445835
      0.53   0.318135   0.692348    0.43595
      0.54   0.315552   0.688229   0.432708
      0.55   0.310902    0.68021    0.42675
      0.56   0.309265   0.677274   0.424631
      0.57   0.304142   0.669959    0.41836
      0.58   0.302979    0.66519    0.41633
      0.59   0.298459    0.65951   0.410946
       0.6   0.297038    0.65602   0.408921
      0.61   0.289977    0.64847    0.40075
      0.62   0.287049   0.639922   0.396321
      0.63   0.282141   0.630733    0.38988
      0.64   0.273616   0.618682   0.379428
      0.65   0.270085   0.610952   0.374579
      0.66   0.262895    0.59276   0.364244
      0.67   0.249849   0.579092   0.349086
      0.68    0.22294   0.551913   0.317592
      0.69   0.209894   0.537789   0.301943
       0.7   0.190433   0.517447   0.278406
      0.71   0.173211   0.492711   0.256315
      0.72   0.163524   0.478414   0.243737
      0.73   0.146904   0.458682   0.222536
      0.74   0.141652   0.448958   0.215356
      0.75   0.136141   0.437568   0.207669
      0.76     0.1336   0.428013   0.203637
      0.77   0.129252   0.412205   0.196796
      0.78   0.128003    0.40682   0.194734
      0.79    0.12331   0.400478   0.188561
       0.8   0.121803    0.39783   0.186504
      0.81   0.120598   0.396052   0.184895
      0.82   0.118617   0.395541   0.182504
      0.83   0.118445   0.399351   0.182702
      0.84   0.117412   0.403322   0.181877
      0.85    0.11711   0.404746   0.181659
      0.86   0.114268   0.400141   0.177771
      0.87   0.114139   0.403749   0.177967
      0.88   0.113838   0.411544   0.178344
      0.89    0.11147   0.411315   0.175404
       0.9   0.110695   0.413983   0.174682
      0.91   0.105614   0.408871   0.167867
      0.92   0.103505   0.406404   0.164989
      0.93   0.101739    0.39485   0.161791
      0.94   0.100146   0.387611   0.159169
      0.95  0.0919228   0.378759   0.147941
      0.96  0.0915353    0.37767   0.147356
      0.97  0.0815896   0.373533   0.133926
      0.98  0.0741841   0.374424   0.123833
      0.99  0.0723758   0.376485   0.121411
