         0          1   0.164811   0.282983
      0.01   0.887111   0.245466   0.384531
      0.02   0.887111   0.245466   0.384531
      0.03   0.887111   0.245466   0.384531
      0.04   0.887111   0.245466   0.384531
      0.05   0.887111   0.245466   0.384531
      0.06   0.887111   0.245466   0.384531
      0.07   0.887111   0.245466   0.384531
      0.08   0.887111   0.245466   0.384531
      0.09   0.887111   0.245466   0.384531
       0.1   0.887111   0.245466   0.384531
      0.11   0.887111   0.245466   0.384531
      0.12   0.887111   0.245479   0.384547
      0.13   0.887111   0.245558   0.384644
      0.14   0.887111   0.245624   0.384726
      0.15   0.887111   0.245797   0.384937
      0.16   0.886825   0.245914   0.385054
      0.17   0.885872   0.246391   0.385548
      0.18   0.885872   0.246736   0.385971
      0.19   0.885872   0.247487   0.386888
       0.2   0.885586   0.248038   0.387535
      0.21   0.884634   0.248863   0.388448
      0.22   0.883681   0.250152   0.389924
      0.23   0.883205   0.251321   0.391296
      0.24   0.881299   0.252524   0.392564
      0.25   0.880442   0.253531   0.393694
      0.26   0.876155   0.254532   0.394467
      0.27    0.87263   0.255623   0.395416
      0.28   0.865581   0.257419   0.396824
      0.29   0.853196   0.259211    0.39762
       0.3   0.851291   0.261846   0.400503
      0.31   0.850052   0.264489   0.403447
      0.32    0.84929   0.266931   0.406195
      0.33   0.846432   0.270069   0.409485
      0.34    0.84548   0.271834   0.411398
      0.35   0.843574   0.275047   0.414837
      0.36   0.842241    0.27678   0.416642
      0.37   0.837858   0.278118   0.417614
      0.38   0.835953   0.280435   0.419981
      0.39   0.824807   0.282644   0.421015
       0.4   0.820615   0.283643   0.421571
      0.41   0.812708   0.285944   0.423043
      0.42   0.804516   0.287461   0.423574
      0.43   0.796132   0.288171   0.423169
      0.44   0.782128   0.289372   0.422447
      0.45   0.774126   0.290392   0.422351
      0.46   0.765457   0.291584   0.422301
      0.47   0.758883   0.292873   0.422639
      0.48   0.744022   0.293953   0.421412
      0.49   0.739545   0.295515   0.422288
       0.5   0.723254   0.296897    0.42098
      0.51   0.704773   0.295406   0.416314
      0.52   0.692865    0.29653   0.415315
      0.53   0.677527   0.297761   0.413706
      0.54   0.661808   0.297523   0.410501
      0.55   0.638754   0.298377   0.406751
      0.56   0.632181   0.298158   0.405207
      0.57   0.611699   0.298053   0.400809
      0.58   0.594646   0.297354   0.396458
      0.59   0.554158   0.294156   0.384312
       0.6   0.546347   0.293332   0.381719
      0.61   0.523388   0.290778   0.373854
      0.62   0.507193   0.287757   0.367189
      0.63    0.49919   0.284918   0.362777
      0.64   0.480995    0.28247   0.355921
      0.65   0.472992   0.280573   0.352216
      0.66   0.449652   0.275538   0.341693
      0.67   0.435744   0.272727   0.335481
      0.68   0.418405   0.269292   0.327683
      0.69   0.406783   0.265831   0.321538
       0.7   0.382109   0.259374      0.309
      0.71   0.363818   0.255385   0.300107
      0.72   0.353911    0.25167    0.29416
      0.73   0.347433   0.244854   0.287261
      0.74   0.339907   0.240349   0.281587
      0.75   0.326855   0.231025    0.27071
      0.76   0.317043   0.224419   0.262809
      0.77   0.306183   0.219155   0.255461
      0.78   0.299514   0.214088   0.249697
      0.79   0.285129   0.210219    0.24201
       0.8   0.281128   0.208082   0.239151
      0.81   0.267124   0.206632   0.233016
      0.82   0.264266   0.207016   0.232164
      0.83   0.258074   0.205222   0.228633
      0.84    0.25312   0.203407   0.225557
      0.85   0.250929   0.205073   0.225695
      0.86   0.233972   0.207627   0.220014
      0.87   0.226731   0.202606   0.213991
      0.88   0.215681   0.208721   0.212144
      0.89   0.211965   0.209531   0.210741
       0.9    0.19939   0.213511   0.206209
      0.91    0.19015   0.212569   0.200735
      0.92   0.180242   0.214008   0.195679
      0.93   0.165476   0.219792   0.188805
      0.94   0.163952   0.229236   0.191174
      0.95   0.147471   0.233254   0.180698
      0.96   0.142041   0.241026   0.178744
      0.97   0.137944   0.250712   0.177968
      0.98   0.135753   0.247344   0.175296
      0.99   0.127084   0.246711   0.167755
