         0          1   0.317058   0.481463
      0.01   0.800822   0.464183    0.58771
      0.02   0.800822   0.464183    0.58771
      0.03   0.800822   0.464183    0.58771
      0.04   0.800822   0.464183    0.58771
      0.05   0.800822   0.464183    0.58771
      0.06   0.800822   0.464183    0.58771
      0.07   0.800822   0.464183    0.58771
      0.08   0.800822   0.464183    0.58771
      0.09   0.800822   0.464183    0.58771
       0.1   0.800822   0.464183    0.58771
      0.11   0.800822   0.464183    0.58771
      0.12   0.800822   0.464183    0.58771
      0.13   0.800822   0.464183    0.58771
      0.14   0.800822   0.464183    0.58771
      0.15   0.800822   0.464183    0.58771
      0.16   0.800822    0.46429   0.587796
      0.17   0.800822   0.464446   0.587921
      0.18   0.800822    0.46482   0.588221
      0.19   0.800773   0.465394   0.588666
       0.2   0.800773   0.465981   0.589136
      0.21   0.800284   0.466968   0.589791
      0.22   0.798326   0.467924   0.590019
      0.23   0.797298   0.468431    0.59014
      0.24   0.796711   0.470173   0.591359
      0.25   0.795927   0.471566   0.592244
      0.26   0.794802   0.473807   0.593694
      0.27    0.79206   0.475852   0.594526
      0.28   0.790543   0.478394   0.596075
      0.29   0.787165   0.480768   0.596946
       0.3   0.784375   0.483658   0.598359
      0.31   0.779186   0.486264   0.598823
      0.32   0.774145   0.487983   0.598623
      0.33   0.766459     0.4912   0.598707
      0.34   0.760634   0.493314    0.59848
      0.35   0.752851   0.495486   0.597639
      0.36   0.747907   0.498225   0.598052
      0.37   0.736159   0.501872   0.596847
      0.38    0.72725   0.504793   0.595938
      0.39   0.712859   0.508839   0.593814
       0.4    0.70116   0.511587   0.591557
      0.41   0.682461   0.517586   0.588697
      0.42    0.67414   0.522474   0.588696
      0.43   0.663175   0.525546   0.586393
      0.44   0.647119   0.527877   0.581448
      0.45   0.640364   0.529063   0.579417
      0.46   0.627588   0.528908   0.574038
      0.47    0.62005   0.529572   0.571251
      0.48    0.60419   0.531469   0.565501
      0.49   0.596113   0.533431   0.563033
       0.5   0.588281   0.536716   0.561317
      0.51   0.574673    0.53801   0.555738
      0.52   0.567086   0.537835   0.552073
      0.53   0.555142   0.538493   0.546691
      0.54   0.544373   0.537504   0.540917
      0.55   0.531206   0.534377   0.532787
      0.56   0.519604   0.534629    0.52701
      0.57   0.506045   0.534315   0.519796
      0.58   0.498115   0.533367   0.515139
      0.59    0.48578   0.528414   0.506201
       0.6   0.468843   0.524887   0.495285
      0.61   0.453081   0.519373   0.483967
      0.62   0.435019   0.515846   0.471997
      0.63   0.421655   0.512698   0.462741
      0.64   0.404621   0.506329   0.449797
      0.65   0.392285    0.50158   0.440251
      0.66   0.369915   0.497396   0.424287
      0.67   0.355671   0.495139   0.413974
      0.68   0.343678   0.492598   0.404879
      0.69   0.339322   0.491864   0.401595
       0.7   0.326839   0.489981   0.392118
      0.71   0.321553   0.494964   0.389844
      0.72   0.317147   0.496876    0.38717
      0.73   0.305546   0.498098   0.378754
      0.74    0.29463   0.496008   0.369673
      0.75   0.288022   0.498759   0.365168
      0.76   0.284106   0.498335   0.361893
      0.77   0.275589    0.49841   0.354926
      0.78   0.272309   0.500415   0.352694
      0.79   0.266631   0.507774   0.349657
       0.8     0.2634   0.513349   0.348159
      0.81   0.251407   0.518163   0.338553
      0.82   0.246219   0.524449    0.33511
      0.83   0.239121   0.525663   0.328712
      0.84   0.235499   0.525223   0.325189
      0.85   0.229233   0.523869   0.318916
      0.86   0.220765   0.523557   0.310572
      0.87   0.215233     0.5205   0.304537
      0.88   0.209849   0.530383   0.300717
      0.89   0.201968   0.535067   0.293246
       0.9   0.185472   0.534645   0.275404
      0.91   0.173479   0.538745   0.262448
      0.92   0.170836   0.543457   0.259955
      0.93   0.161486   0.545735   0.249225
      0.94   0.154242   0.544962   0.240433
      0.95   0.146703   0.553216   0.231908
      0.96   0.139263    0.55379   0.222558
      0.97   0.132704   0.568942    0.21521
      0.98   0.130892   0.571023   0.212967
      0.99   0.125459   0.576433   0.206068
