         0          1    0.28722   0.446264
      0.01    0.80923   0.382087   0.519083
      0.02    0.80923   0.382087   0.519083
      0.03    0.80923   0.382087   0.519083
      0.04    0.80923   0.382087   0.519083
      0.05    0.80923   0.382087   0.519083
      0.06    0.80923   0.382087   0.519083
      0.07    0.80923   0.382087   0.519083
      0.08    0.80923   0.382087   0.519083
      0.09    0.80923   0.382087   0.519083
       0.1    0.80923   0.382132   0.519124
      0.11    0.80923   0.382185   0.519174
      0.12    0.80923   0.382211   0.519197
      0.13    0.80923     0.3821   0.519095
      0.14   0.809179   0.382492   0.519446
      0.15   0.808413   0.382711    0.51949
      0.16    0.80826   0.383023   0.519746
      0.17   0.808004   0.383644   0.520264
      0.18   0.807596   0.384158   0.520652
      0.19    0.80683   0.384959   0.521228
       0.2   0.805605   0.385642   0.521596
      0.21    0.80387   0.386377   0.521903
      0.22   0.802287   0.388057   0.523098
      0.23   0.801521   0.389119   0.523898
      0.24   0.796723   0.390924   0.524496
      0.25   0.795497   0.391782   0.525001
      0.26   0.792281   0.393987    0.52627
      0.27   0.787891   0.395303   0.526466
      0.28   0.786155   0.398368   0.528785
      0.29   0.781918   0.399767   0.529049
       0.3   0.778447    0.40216   0.530338
      0.31   0.772883   0.404521   0.531079
      0.32   0.770994    0.40682   0.532607
      0.33   0.766553   0.410385   0.534577
      0.34   0.764562   0.412947   0.536256
      0.35   0.758895    0.41747   0.538636
      0.36   0.756037   0.419182   0.539332
      0.37   0.746541   0.421342   0.538666
      0.38   0.743274    0.42359    0.53964
      0.39   0.735311   0.426063   0.539514
       0.4   0.726377   0.427423    0.53817
      0.41   0.719026   0.430494   0.538549
      0.42   0.711675   0.434287   0.539409
      0.43    0.70269   0.435543   0.537766
      0.44   0.690847   0.439755   0.537419
      0.45    0.68564   0.441822   0.537368
      0.46   0.673797   0.446192   0.536867
      0.47   0.667824   0.447627   0.535992
      0.48   0.660677   0.451629   0.536509
      0.49   0.653122   0.453733   0.535469
       0.5   0.643422   0.454961   0.533023
      0.51   0.627036   0.454144   0.526766
      0.52   0.617285     0.4539   0.523132
      0.53   0.606361   0.452604    0.51832
      0.54   0.592935   0.451337   0.512536
      0.55    0.57808   0.448332   0.505005
      0.56   0.568687   0.449373   0.502038
      0.57    0.55521    0.45121   0.497836
      0.58   0.541937   0.450401   0.491947
      0.59   0.526265   0.447739   0.483836
       0.6   0.517025   0.446229   0.479025
      0.61   0.502425   0.442088   0.470329
      0.62   0.482005   0.437332   0.458583
      0.63   0.471285   0.436858   0.453419
      0.64   0.450559   0.433192   0.441705
      0.65   0.439226   0.430036   0.434583
      0.66   0.430139     0.4286   0.429368
      0.67   0.422074   0.424757   0.423411
      0.68   0.403288   0.418747   0.410872
      0.69   0.394609   0.413841   0.403996
       0.7   0.382664   0.411049   0.396349
      0.71   0.367655   0.406749   0.386215
      0.72   0.358415   0.401472   0.378724
      0.73   0.344071   0.390821   0.365959
      0.74   0.331462   0.383461    0.35557
      0.75   0.311297   0.374959   0.340175
      0.76   0.303027   0.371575   0.333819
      0.77   0.290571    0.36105   0.321999
      0.78   0.274236   0.352805   0.308598
      0.79   0.256419   0.336739   0.291141
       0.8    0.24478   0.336191   0.283294
      0.81   0.233396   0.333667   0.274667
      0.82      0.219   0.332398   0.264039
      0.83   0.212364     0.3407   0.261642
      0.84   0.193272   0.337526   0.245797
      0.85   0.186074   0.343488   0.241385
      0.86   0.174588   0.338148    0.23028
      0.87   0.162846     0.3303   0.218143
      0.88   0.143907   0.322874   0.199082
      0.89   0.136097   0.321826   0.191296
       0.9   0.117515   0.306329   0.169866
      0.91   0.109602   0.324363   0.163842
      0.92   0.109143   0.327327   0.163702
      0.93   0.105621    0.31811   0.158586
      0.94  0.0960743   0.303279   0.145923
      0.95  0.0933687   0.295608   0.141914
      0.96  0.0899484   0.296099   0.137981
      0.97  0.0882128    0.29304   0.135605
      0.98  0.0866303   0.282443   0.132592
      0.99  0.0820358   0.269618   0.125796
