         0          1   0.273534   0.429567
      0.01   0.829452   0.465074   0.595981
      0.02   0.829452   0.465074   0.595981
      0.03   0.829452   0.465074   0.595981
      0.04   0.829452   0.465074   0.595981
      0.05   0.829452   0.465074   0.595981
      0.06   0.829452   0.465074   0.595981
      0.07   0.829452   0.465074   0.595981
      0.08   0.829452   0.465074   0.595981
      0.09   0.829452   0.465074   0.595981
       0.1   0.829452   0.465074   0.595981
      0.11   0.829452   0.465074   0.595981
      0.12   0.829452   0.465074   0.595981
      0.13   0.829452   0.465074   0.595981
      0.14   0.829452   0.465074   0.595981
      0.15   0.829452   0.465105   0.596007
      0.16   0.829452   0.465132   0.596029
      0.17   0.829452   0.465411   0.596258
      0.18   0.829452     0.4656   0.596413
      0.19   0.829452   0.466074   0.596802
       0.2   0.829452   0.466513   0.597161
      0.21   0.829452    0.46688   0.597462
      0.22   0.829452   0.467821   0.598232
      0.23   0.829452   0.468552   0.598829
      0.24   0.829452   0.469634   0.599712
      0.25   0.829452   0.470826   0.600684
      0.26   0.828968   0.472433   0.601862
      0.27   0.828968   0.473793   0.602965
      0.28   0.828678   0.475681   0.604414
      0.29   0.828533   0.477696   0.605999
       0.3   0.828436   0.480489   0.608216
      0.31   0.828436    0.48312   0.610319
      0.32   0.828436   0.484961   0.611786
      0.33   0.828436   0.486952   0.613368
      0.34   0.828387   0.488862   0.614868
      0.35    0.82771   0.491845   0.617034
      0.36   0.827661   0.494232   0.618895
      0.37   0.827516    0.49705   0.621059
      0.38   0.825919   0.499182   0.622268
      0.39   0.824999   0.503199   0.625115
       0.4   0.824224   0.506376   0.627337
      0.41   0.821755   0.510364   0.629665
      0.42   0.819286    0.51479   0.632288
      0.43   0.818221   0.517089     0.6337
      0.44   0.815268   0.521627   0.636199
      0.45   0.812606     0.5244    0.63744
      0.46   0.806603   0.527082   0.637551
      0.47   0.800842   0.529218   0.637295
      0.48   0.794162   0.531843   0.637056
      0.49   0.788159   0.532104   0.635301
       0.5   0.771796   0.532342   0.630086
      0.51   0.761582   0.534722   0.628301
      0.52   0.753546   0.536979   0.627091
      0.53   0.738878   0.537771   0.622484
      0.54   0.731326   0.538446   0.620237
      0.55   0.715205   0.540625    0.61578
      0.56   0.701651   0.541041   0.610967
      0.57   0.686353   0.545012   0.607571
      0.58   0.672605   0.547562   0.603676
      0.59   0.656775     0.5515   0.599551
       0.6   0.649029   0.558292   0.600251
      0.61   0.638718   0.567694   0.601115
      0.62   0.629762     0.5791    0.60337
      0.63   0.615578   0.583638   0.599183
      0.64   0.604444   0.592801   0.598566
      0.65   0.596941   0.599364    0.59815
      0.66   0.587452   0.607707   0.597408
      0.67   0.581353   0.614162   0.597307
      0.68   0.570267   0.619844   0.594023
      0.69   0.562085   0.623247   0.591089
       0.7   0.544222   0.627633   0.582959
      0.71   0.532894   0.633776   0.578974
      0.72   0.520259   0.636233   0.572431
      0.73   0.507189   0.639487   0.565706
      0.74    0.50046   0.645358   0.563747
      0.75   0.489568   0.650737   0.558763
      0.76   0.479886   0.654538   0.553767
      0.77   0.464249    0.65672   0.543961
      0.78   0.455003   0.658204   0.538058
      0.79   0.441594   0.659471   0.528976
       0.8   0.437672   0.660462   0.526467
      0.81   0.432202   0.660884   0.522622
      0.82   0.428233   0.659215   0.519193
      0.83   0.426199   0.658454   0.517461
      0.84   0.419954    0.65887   0.512957
      0.85   0.417244   0.658186   0.510724
      0.86    0.41187   0.657268   0.506406
      0.87    0.40882   0.655072   0.503447
      0.88   0.399913   0.652478   0.495889
      0.89   0.396766   0.649411   0.492583
       0.9   0.392022   0.646428   0.488062
      0.91    0.38142   0.647681   0.480106
      0.92   0.377112   0.657951   0.479432
      0.93   0.372949   0.660691   0.476769
      0.94   0.369366   0.661173   0.473956
      0.95   0.360556   0.663898   0.467317
      0.96   0.355763   0.662985    0.46305
      0.97   0.350922   0.660237    0.45827
      0.98   0.345016   0.661521   0.453506
      0.99   0.337222     0.6625   0.446944
