         0          1   0.279386    0.43675
      0.01   0.862667   0.440769   0.583438
      0.02   0.862667   0.440928   0.583577
      0.03   0.862667   0.440989   0.583631
      0.04   0.862667    0.44113   0.583754
      0.05   0.862667   0.441199   0.583815
      0.06   0.862667   0.441325   0.583924
      0.07   0.862667   0.441405   0.583995
      0.08   0.862667   0.441504   0.584082
      0.09   0.862656   0.441579   0.584145
       0.1   0.862646   0.441751   0.584292
      0.11   0.862629   0.441972   0.584482
      0.12   0.862536   0.442153   0.584619
      0.13   0.862368   0.442546   0.584923
      0.14   0.862259   0.442916   0.585222
      0.15   0.862057   0.443589   0.585762
      0.16   0.861843   0.444158   0.586209
      0.17   0.861437   0.445201   0.587022
      0.18     0.8609   0.446069   0.587651
      0.19   0.860014   0.447458   0.588647
       0.2   0.859384   0.448555   0.589448
      0.21   0.858315   0.450381    0.59077
      0.22   0.856757   0.452582   0.592288
      0.23    0.85578   0.454138   0.593384
      0.24   0.853874   0.456668   0.595077
      0.25   0.852477    0.45841   0.596213
      0.26   0.850037   0.461134    0.59791
      0.27   0.847842     0.4631   0.599013
      0.28   0.844546   0.466232   0.600794
      0.29   0.841792   0.468454   0.601934
       0.3   0.837791   0.471882   0.603721
      0.31     0.8332   0.475314   0.605315
      0.32   0.830069     0.4779   0.606574
      0.33   0.824996   0.481664   0.608224
      0.34     0.8213   0.484273   0.609286
      0.35   0.815381   0.488462   0.610936
      0.36   0.810895   0.491178   0.611784
      0.37   0.803943   0.495136   0.612836
      0.38   0.799633   0.497931   0.613707
      0.39    0.79184   0.502003   0.614458
       0.4   0.786592   0.504798    0.61495
      0.41    0.77838   0.508905   0.615437
      0.42   0.768818   0.512864   0.615284
      0.43   0.762284   0.515371   0.614969
      0.44     0.7527   0.519122   0.614462
      0.45   0.745696   0.521456   0.613735
      0.46   0.735701   0.524868   0.612653
      0.47    0.72843   0.527034   0.611579
      0.48   0.717685   0.530316   0.609935
      0.49   0.709834   0.532302   0.608381
       0.5   0.697635   0.535364   0.605821
      0.51   0.685482   0.537923   0.602804
      0.52   0.677328   0.539447   0.600576
      0.53   0.663657   0.541534   0.596408
      0.54   0.655067   0.542808   0.593677
      0.55   0.642646   0.544927   0.589766
      0.56   0.633845   0.546087   0.586703
      0.57   0.621535   0.547956   0.582431
      0.58   0.613046    0.54896   0.579236
      0.59   0.599482   0.550283    0.57383
       0.6   0.590692   0.551516   0.570433
      0.61   0.576888   0.553805   0.565111
      0.62   0.563417   0.555204   0.559281
      0.63   0.554646   0.555946   0.555295
      0.64   0.540358   0.556541    0.54833
      0.65   0.531294   0.557075   0.543879
      0.66   0.517548   0.558263   0.537135
      0.67   0.507695   0.558672   0.531965
      0.68   0.494842   0.559413    0.52515
      0.69   0.486824   0.559783   0.520761
       0.7   0.474323   0.560225   0.513708
      0.71   0.461073   0.561401   0.506315
      0.72   0.452436   0.561803   0.501223
      0.73   0.439452   0.562752   0.493517
      0.74   0.431146   0.563504   0.488519
      0.75   0.418439   0.565249   0.480888
      0.76   0.410012   0.565937   0.475519
      0.77   0.397035   0.566275   0.466788
      0.78   0.387757   0.566339   0.460335
      0.79   0.375575   0.567207   0.451916
       0.8   0.368548   0.568694    0.44725
      0.81   0.356985    0.57025   0.439092
      0.82   0.344572   0.570824   0.429737
      0.83   0.336366   0.571268    0.42342
      0.84   0.325337   0.572764   0.414967
      0.85   0.317863   0.572944   0.408883
      0.86   0.306286   0.572607   0.399096
      0.87   0.299404   0.572126   0.393095
      0.88   0.288513   0.571639   0.383479
      0.89   0.280957   0.570599    0.37652
       0.9   0.269723   0.569204   0.366009
      0.91    0.25901   0.568262   0.355834
      0.92   0.252317   0.568548    0.34952
      0.93   0.242037   0.567665   0.339374
      0.94   0.234699   0.566407   0.331879
      0.95    0.22465    0.56364   0.321256
      0.96   0.218214   0.562955   0.314515
      0.97    0.20831   0.561811   0.303928
      0.98   0.201259   0.559494   0.296031
      0.99   0.192705   0.557233   0.286374
