    119082       0.59   0.798658   0.720524   0.757582
     58060       0.48   0.799559   0.724246   0.760041
     42049       0.38   0.923053   0.724227   0.811641
     24077       0.61   0.768352   0.602026   0.675095
     78004        0.6   0.760522   0.697652   0.727731
     45096       0.43   0.862432   0.584699   0.696915
     38092        0.5   0.760237   0.646958   0.699038
     43074       0.34    0.75477   0.509862   0.608602
     16077       0.35   0.797077   0.469274   0.590748
     86000       0.42   0.876459   0.549956    0.67584
    101085       0.48   0.851361   0.498422   0.628748
     89072       0.38   0.743274    0.42359    0.53964
    126007       0.46   0.825005   0.590058   0.688027
     76053        0.4   0.703598   0.558172   0.622504
     86016       0.16     0.7049   0.593551   0.644451
    103070       0.35    0.83916   0.538064   0.655698
      8023       0.37   0.842543   0.190722   0.311037
     41033       0.49    0.76004   0.554665   0.641311
    109053       0.46   0.701521    0.47427   0.565934
    130026       0.52   0.583585   0.333385   0.424351
    108082       0.61   0.615334   0.295734   0.399477
     69040 0.00191919   0.947541   0.325692   0.484761
     14037       0.47   0.672932   0.445936   0.536407
     54082        0.2     0.7982   0.652469   0.718015
     62096       0.63   0.937575   0.667911   0.780096
     12084          0          1   0.223412   0.365227
     69015        0.4   0.840057   0.689774   0.757534
     97033       0.46   0.806603   0.527082   0.637551
     19021       0.43     0.8281   0.666777   0.738734
     86068       0.42   0.804516   0.287461   0.423574
      3096       0.24   0.780947   0.586503     0.6699
     41069        0.4   0.843685   0.554274   0.669022
     21077       0.51   0.783111   0.559188   0.652472
    108070       0.31   0.807751   0.303176   0.440876
    123074       0.42   0.824279   0.260589   0.395989
     38082        0.3   0.876273   0.567882    0.68915
     33039       0.59   0.704131   0.521127   0.598962
    108005       0.43   0.846678   0.492112   0.622443
    106024       0.38   0.757539    0.55341   0.639582
    102061       0.63   0.580407    0.50554   0.540393
     37073       0.38   0.753112    0.70371   0.727573
     65033       0.46   0.805614   0.687738   0.742024
     55073       0.18   0.849935   0.467754   0.603421
     66053       0.35   0.781384   0.491225   0.603226
     85048       0.55   0.866372   0.650662   0.743181
     42012        0.2   0.791702    0.47082   0.590484
     87046       0.31   0.779186   0.486264   0.598823
    105025       0.39   0.810537   0.374619    0.51241
    101087       0.35   0.866959    0.69332   0.770478
     69020       0.45   0.909091   0.629679   0.744017
