         0          1   0.296598   0.457502
      0.01   0.974323   0.537383   0.692707
      0.02   0.974323   0.537629   0.692911
      0.03   0.974323    0.53798   0.693202
      0.04   0.974323   0.539181   0.694199
      0.05   0.974323   0.540808   0.695546
      0.06   0.974283   0.543745    0.69796
      0.07   0.974283   0.546958   0.700602
      0.08   0.974204    0.55467   0.706875
      0.09   0.973806   0.560702   0.711648
       0.1   0.973766   0.570998   0.719875
      0.11    0.97285   0.582419   0.728628
      0.12   0.972373   0.591831   0.735812
      0.13   0.971298   0.607991   0.747856
      0.14   0.969666   0.617952    0.75485
      0.15   0.963893   0.633657   0.764643
      0.16   0.958599   0.643072   0.769756
      0.17   0.949642   0.655627   0.775709
      0.18   0.944705   0.663573   0.779568
      0.19   0.933479   0.679079   0.786212
       0.2   0.924562   0.691772   0.791403
      0.21   0.903185   0.708502   0.794085
      0.22   0.883559   0.724512    0.79617
      0.23   0.873288   0.735362   0.798412
      0.24   0.843352    0.75125   0.794641
      0.25   0.826831   0.761116   0.792614
      0.26   0.798646    0.77456   0.786419
      0.27   0.779538   0.783011   0.781271
      0.28   0.754299   0.795848   0.774517
      0.29    0.73543   0.805374   0.768814
       0.3   0.708121   0.816548   0.758479
      0.31   0.679021   0.823327   0.744243
      0.32   0.662699   0.828274   0.736293
      0.33   0.630613   0.837329   0.719416
      0.34   0.613416   0.843532   0.710301
      0.35    0.57926   0.851385   0.689442
      0.36   0.560589   0.858499   0.678274
      0.37    0.52914   0.862952   0.656024
      0.38   0.507962   0.867319   0.640691
      0.39   0.483479   0.869214   0.621348
       0.4   0.463654   0.871595   0.605309
      0.41   0.440048   0.876419   0.585911
      0.42   0.415884   0.881711   0.565183
      0.43   0.395581   0.883261   0.546434
      0.44   0.370939   0.888889   0.523443
      0.45   0.360191    0.89313   0.513352
      0.46    0.34375   0.895662   0.496822
      0.47   0.332803   0.898835   0.485751
      0.48   0.306489   0.897946   0.456995
      0.49   0.295979   0.899931   0.445453
       0.5   0.281608   0.903818    0.42942
      0.51   0.265486   0.909888   0.411039
      0.52   0.257604   0.917293   0.402245
      0.53   0.245939   0.918728    0.38801
      0.54   0.238973   0.922936   0.379645
      0.55   0.230772   0.930703   0.369841
      0.56      0.225    0.92993   0.362332
      0.57   0.211783   0.932907   0.345201
      0.58   0.208798   0.935378    0.34139
      0.59   0.205454   0.940909   0.337264
       0.6   0.202468   0.943329   0.333382
      0.61   0.196935   0.947566   0.326096
      0.62   0.188057   0.949934    0.31396
      0.63   0.183041   0.954918   0.307198
      0.64   0.178702   0.955903   0.301113
      0.65   0.172412    0.95729   0.292199
      0.66   0.164928   0.962733   0.281613
      0.67   0.162221   0.967846   0.277869
      0.68    0.15629   0.969336   0.269179
      0.69   0.146338   0.972973   0.254411
       0.7   0.140326   0.975096   0.245345
      0.71   0.133161   0.977413   0.234389
      0.72   0.126672   0.980392   0.224356
      0.73   0.112341   0.982278   0.201622
      0.74   0.101632   0.980282    0.18417
      0.75  0.0815287   0.979661    0.15053
      0.76  0.0759156   0.978495     0.1409
      0.77  0.0673965    0.98008    0.12612
      0.78  0.0644506   0.979079    0.12094
      0.79  0.0572054   0.976415   0.108079
       0.8  0.0551752   0.974747   0.104439
      0.81  0.0507166   0.971751  0.0964018
      0.82  0.0424761   0.967742  0.0813803
      0.83  0.0398487   0.964286  0.0765347
      0.84  0.0326831   0.952381  0.0631975
      0.85  0.0281449   0.941176  0.0546554
      0.86  0.0237261   0.926471  0.0462674
      0.87   0.020621   0.910714  0.0403289
      0.88  0.0165207   0.883721   0.032435
      0.89  0.0130175   0.827586  0.0256319
       0.9 0.00708599   0.722222  0.0140343
      0.91 0.00390127   0.642857 0.00775548
      0.92 0.00390127   0.642857 0.00775548
      0.93 0.00338376   0.583333 0.00672849
      0.94 0.00338376   0.583333 0.00672849
      0.95 0.00290605      0.375 0.00576741
      0.96 0.00290605      0.375 0.00576741
      0.97 0.00290605      0.375 0.00576741
      0.98 0.00163217   0.166667 0.00323267
      0.99 0.00163217       0.25 0.00324316
