         0          1   0.168956   0.289072
      0.01   0.953069   0.277121    0.42939
      0.02   0.953069   0.277121    0.42939
      0.03   0.953069    0.27714   0.429413
      0.04   0.953069   0.277373   0.429692
      0.05   0.953069    0.27761   0.429977
      0.06   0.953069    0.27858   0.431139
      0.07    0.95192   0.278925   0.431434
      0.08   0.951428    0.28136    0.43429
      0.09   0.951181   0.283256   0.436519
       0.1   0.950607   0.285991   0.439699
      0.11   0.944207   0.288788   0.442298
      0.12   0.938218   0.292418    0.44587
      0.13   0.921398   0.298341   0.450737
      0.14   0.907942   0.302628    0.45395
      0.15   0.892435   0.309678   0.459803
      0.16   0.880538   0.312672   0.461478
      0.17   0.858139   0.319581   0.465721
      0.18   0.846488   0.323373   0.467973
      0.19     0.8117   0.329775   0.469004
       0.2   0.800049   0.337531   0.474765
      0.21   0.793157   0.349628   0.485323
      0.22   0.783558   0.361615   0.494854
      0.23   0.778635   0.370308   0.501913
      0.24   0.768953   0.382743   0.511092
      0.25   0.764522   0.390616   0.517054
      0.26   0.748605   0.405048   0.525671
      0.27     0.7404   0.412353   0.529699
      0.28   0.724647   0.422442   0.533736
      0.29   0.707417   0.431459   0.536005
       0.3   0.686905   0.443756   0.539186
      0.31   0.673285   0.460594   0.546992
      0.32   0.661224   0.470695   0.549924
      0.33   0.636938    0.48622   0.551467
      0.34   0.628651   0.498437   0.556022
      0.35   0.602724   0.508652   0.551707
      0.36   0.578848   0.520445   0.548095
      0.37   0.557434   0.531908   0.544372
      0.38   0.546111   0.536627   0.541327
      0.39   0.530686   0.546657   0.538553
       0.4   0.523302   0.555941   0.539128
      0.41   0.505169    0.56798   0.534736
      0.42   0.485313   0.585175   0.530586
      0.43    0.47596   0.596569   0.529483
      0.44   0.462176   0.620708   0.529838
      0.45   0.452822   0.629285   0.526666
      0.46   0.430013    0.63823   0.513829
      0.47   0.414588   0.644079    0.50446
      0.48   0.394568   0.651321    0.49143
      0.49   0.376846   0.653094   0.477923
       0.5   0.333935   0.657559   0.442932
      0.51   0.314654      0.662    0.42656
      0.52   0.291434    0.65662   0.403693
      0.53   0.260584   0.649573   0.371954
      0.54   0.239826   0.647211    0.34997
      0.55   0.225386    0.65678   0.335603
      0.56   0.215294   0.653789    0.32392
      0.57   0.203069   0.655791    0.31011
      0.58   0.190105   0.663748   0.295559
      0.59   0.175418   0.662109   0.277355
       0.6   0.170249   0.668041   0.271347
      0.61   0.157614    0.65991   0.254454
      0.62   0.138005   0.663212   0.228468
      0.63   0.122005   0.673591   0.206591
      0.64   0.102232   0.689286   0.178055
      0.65  0.0953397   0.706564   0.168009
      0.66  0.0915655   0.731092   0.162748
      0.67   0.085576   0.744493   0.153507
      0.68  0.0845914   0.768868   0.152414
      0.69  0.0826223   0.786458   0.149535
       0.7  0.0758123   0.817073   0.138751
      0.71  0.0717919   0.869231    0.13263
      0.72  0.0645717   0.909091   0.120579
      0.73   0.053085          1   0.100818
      0.74  0.0438136          1  0.0839491
      0.75  0.0315884          1  0.0612423
      0.76   0.025763          1   0.050232
      0.77  0.0203479          1  0.0398842
      0.78  0.0178044          1  0.0349859
      0.79  0.0148507          1  0.0292667
       0.8  0.0116508          1  0.0230333
      0.81 0.00451264          1 0.00898473
      0.82 0.00451264          1 0.00898473
      0.83 0.00451264          1 0.00898473
      0.84  0.0039383          1  0.0078457
      0.85  0.0039383          1  0.0078457
      0.86  0.0039383          1  0.0078457
      0.87 0.00328192          1 0.00654236
      0.88          0          0          0
      0.89          0          0          0
       0.9          0          0          0
      0.91          0          0          0
      0.92          0          0          0
      0.93          0          0          0
      0.94          0          0          0
      0.95          0          0          0
      0.96          0          0          0
      0.97          0          0          0
      0.98          0          0          0
      0.99          0          0          0
