         0          1   0.337394   0.504555
      0.01   0.901887   0.385468   0.540097
      0.02   0.901887   0.385487   0.540116
      0.03   0.901887   0.385506   0.540134
      0.04   0.901887   0.385808   0.540431
      0.05   0.901887   0.386344   0.540956
      0.06   0.901887   0.387605   0.542191
      0.07    0.90163   0.388809   0.543322
      0.08   0.900817   0.391648   0.545939
      0.09   0.899576   0.394611    0.54858
       0.1   0.898207   0.400137   0.553638
      0.11   0.895469   0.406314   0.558989
      0.12   0.892901   0.411982   0.563819
      0.13   0.884857   0.420857   0.570414
      0.14   0.879594   0.427343    0.57522
      0.15   0.861367   0.435728   0.578711
      0.16   0.845022   0.440389   0.579018
      0.17   0.824954   0.449009   0.581511
      0.18   0.803346   0.453047   0.579363
      0.19   0.775277   0.461585   0.578652
       0.2    0.76043   0.467752   0.579218
      0.21   0.723332   0.476033   0.574187
      0.22   0.690856   0.485959    0.57057
      0.23   0.672457   0.496325    0.57112
      0.24   0.644645   0.509635   0.569244
      0.25   0.624021   0.517161   0.565588
      0.26    0.60237    0.53212    0.56507
      0.27   0.581875   0.538164   0.559167
      0.28   0.547473   0.545942   0.546707
      0.29    0.52916   0.559144   0.543739
       0.3   0.505413   0.574558   0.537772
      0.31   0.483035   0.585072   0.529179
      0.32   0.468444   0.598558   0.525568
      0.33   0.441616    0.61284   0.513326
      0.34   0.417697   0.624246   0.500499
      0.35   0.389329   0.639794   0.484083
      0.36   0.372042   0.648987   0.472955
      0.37   0.355911   0.660983   0.462686
      0.38      0.345   0.679072   0.457546
      0.39   0.326173   0.710434   0.447083
       0.4   0.311412   0.724324   0.435561
      0.41   0.291686   0.738329   0.418169
      0.42   0.269223   0.750518    0.39629
      0.43   0.253605   0.753227   0.379452
      0.44   0.234094   0.761739   0.358129
      0.45   0.208506   0.772772   0.328404
      0.46   0.175987   0.777654    0.28702
      0.47   0.158401   0.777108   0.263162
      0.48   0.136922      0.772   0.232591
      0.49   0.130931   0.797337   0.224927
       0.5   0.120406   0.792746   0.209059
      0.51   0.107141   0.809725   0.189242
      0.52  0.0970433    0.82619   0.173686
      0.53  0.0863035   0.848138   0.156665
      0.54   0.074494   0.837134   0.136813
      0.55  0.0634547   0.817829   0.117772
      0.56  0.0568226   0.817778   0.106262
      0.57  0.0454409   0.812834  0.0860702
      0.58  0.0403919   0.828402  0.0770281
      0.59  0.0358136   0.826667   0.068653
       0.6  0.0326473   0.819444  0.0627929
      0.61  0.0315348   0.824818  0.0607471
      0.62  0.0287108       0.84  0.0555238
      0.63  0.0284969   0.848739  0.0551423
      0.64  0.0271704   0.854545  0.0526663
      0.65   0.026443   0.864078  0.0513157
      0.66  0.0252877   0.865979  0.0491405
      0.67  0.0245604   0.857143  0.0477524
      0.68   0.024218   0.863636  0.0471149
      0.69  0.0228488       0.85  0.0445014
       0.7  0.0208378   0.835616  0.0406616
      0.71  0.0197681   0.850746  0.0386384
      0.72  0.0189979   0.870968  0.0371847
      0.73  0.0182277          1  0.0358028
      0.74  0.0173292          1   0.034068
      0.75  0.0166446          1  0.0327441
      0.76  0.0163023          1  0.0320815
      0.77  0.0154465          1  0.0304231
      0.78  0.0154465          1  0.0304231
      0.79  0.0147619          1  0.0290943
       0.8   0.014334          1  0.0282629
      0.81  0.0134782          1   0.026598
      0.82  0.0127081          1  0.0250972
      0.83  0.0118523          1  0.0234269
      0.84  0.0102691          1  0.0203295
      0.85 0.00586197          1  0.0116556
      0.86 0.00273844          1 0.00546192
      0.87          0          0          0
      0.88          0          0          0
      0.89          0          0          0
       0.9          0          0          0
      0.91          0          0          0
      0.92          0          0          0
      0.93          0          0          0
      0.94          0          0          0
      0.95          0          0          0
      0.96          0          0          0
      0.97          0          0          0
      0.98          0          0          0
      0.99          0          0          0
