         0          1   0.193017   0.323578
      0.01   0.936594   0.260743   0.407922
      0.02   0.936594   0.260863   0.408069
      0.03   0.936594   0.261524   0.408878
      0.04   0.936594   0.264188   0.412126
      0.05   0.936594   0.267107   0.415669
      0.06   0.936594     0.2734    0.42325
      0.07   0.936594   0.279056   0.429996
      0.08   0.936594   0.288993   0.441697
      0.09   0.936594   0.295616   0.449391
       0.1   0.936472   0.308523   0.464136
      0.11   0.936412   0.322416   0.479675
      0.12   0.936351   0.332002   0.490196
      0.13   0.934409   0.346565   0.505605
      0.14    0.93271   0.357001   0.516362
      0.15   0.926339   0.374661   0.533533
      0.16   0.923609   0.387685   0.546131
      0.17    0.91566   0.407545   0.564043
      0.18    0.90662   0.420122   0.574175
      0.19   0.889084   0.437762   0.586665
       0.2   0.871246   0.448045   0.591768
      0.21   0.852557   0.463321   0.600371
      0.22    0.82671   0.473675    0.60227
      0.23    0.80432   0.480951   0.601956
      0.24   0.777259   0.489569   0.600747
      0.25   0.760937   0.495855   0.600441
      0.26   0.743159   0.500341   0.598042
      0.27   0.724471    0.50237   0.593316
      0.28   0.693101   0.505635    0.58471
      0.29   0.673624   0.506805   0.578427
       0.3   0.656878   0.514714   0.577171
      0.31     0.6391   0.518596   0.572576
      0.32   0.619501    0.51955    0.56514
      0.33   0.590255   0.515012   0.550072
      0.34   0.563133    0.51563   0.538336
      0.35   0.544809    0.52029   0.532267
      0.36    0.53407   0.524203    0.52909
      0.37   0.517505   0.524558   0.521008
      0.38   0.505491   0.523539   0.514357
      0.39   0.484679   0.524014    0.50358
       0.4   0.471088   0.521371   0.494956
      0.41   0.448516   0.517664   0.480616
      0.42   0.428069   0.514832   0.467458
      0.43   0.417572   0.516484   0.461791
      0.44   0.395122    0.51662   0.447775
      0.45   0.380013   0.520646    0.43935
      0.46   0.363692   0.525846   0.429989
      0.47   0.346884   0.523108   0.417148
      0.48    0.33032   0.526767    0.40603
      0.49   0.315029    0.53288   0.395969
       0.5   0.301317    0.54316   0.387608
      0.51   0.292033   0.552147   0.382016
      0.52   0.284631   0.547085   0.374448
      0.53    0.27383   0.548908   0.365384
      0.54    0.26934   0.549558   0.361506
      0.55   0.252958   0.538706   0.344262
      0.56    0.24331   0.535477    0.33459
      0.57   0.233238   0.546763   0.326989
      0.58    0.22887   0.553165   0.323778
      0.59   0.213822   0.538259   0.306062
       0.6   0.202112   0.528533   0.292406
      0.61   0.185668    0.51216   0.272537
      0.62   0.177295   0.505917   0.262573
      0.63   0.175171   0.497744   0.259143
      0.64   0.162369   0.501629   0.245329
      0.65   0.157939   0.494196   0.239377
      0.66     0.1526   0.480207   0.231602
      0.67   0.147989   0.480944   0.226333
      0.68   0.139615   0.466038   0.214862
      0.69   0.126024   0.443787   0.196303
       0.7   0.107457   0.415966   0.170793
      0.71   0.100358   0.396963   0.160212
      0.72  0.0976276   0.406818   0.157467
      0.73   0.091742   0.386635   0.148296
      0.74  0.0843395   0.366995   0.137159
      0.75  0.0787574   0.377049   0.130298
      0.76  0.0769371   0.371831   0.127494
      0.77  0.0666222   0.339394   0.111381
      0.78  0.0578242   0.312102   0.097571
      0.79  0.0516352   0.299674  0.0880918
       0.8  0.0472059   0.281356  0.0808472
      0.81  0.0407135   0.251773  0.0700926
      0.82  0.0319155   0.206107  0.0552722
      0.83  0.0226321   0.188034  0.0404015
      0.84  0.0159578   0.150943   0.028864
      0.85  0.0119532   0.123762  0.0218008
      0.86 0.00788787  0.0837696  0.0144181
      0.87 0.000788787   0.043956 0.00154976
      0.88 0.000728111  0.0388889 0.00142946
      0.89 0.000728111  0.0391061  0.0014296
       0.9 0.000728111       0.04 0.00143019
      0.91 0.00030338  0.0142857 0.000594142
      0.92 0.00030338 0.00806452 0.000584761
      0.93          0          0          0
      0.94          0          0          0
      0.95          0          0          0
      0.96          0          0          0
      0.97          0          0          0
      0.98          0          0          0
      0.99          0          0          0
