         0          1   0.150167   0.261123
      0.01   0.863839   0.166429   0.279088
      0.02   0.863839   0.166462   0.279134
      0.03   0.863839   0.166527   0.279226
      0.04   0.863839   0.167037   0.279943
      0.05   0.863839   0.167784    0.28099
      0.06   0.863839   0.169357   0.283193
      0.07   0.863365   0.170389   0.284609
      0.08    0.86327   0.172066    0.28694
      0.09   0.861657   0.173344   0.288624
       0.1   0.857482    0.17511   0.290828
      0.11   0.855394   0.178359   0.295172
      0.12    0.85454   0.180226   0.297672
      0.13    0.85103   0.182922    0.30112
      0.14   0.847044   0.185413   0.304231
      0.15   0.839169    0.18802   0.307208
      0.16   0.833001   0.189784   0.309137
      0.17   0.811557   0.193635   0.312668
      0.18   0.803017   0.196984   0.316363
      0.19   0.779106   0.201337   0.319984
       0.2   0.773128   0.205747   0.325003
      0.21   0.749407     0.2138   0.332687
      0.22   0.734795   0.220381   0.339068
      0.23   0.723503   0.225975   0.344386
      0.24   0.698643    0.23355   0.350074
      0.25   0.691242   0.239629   0.355885
      0.26   0.650536   0.244442   0.355357
      0.27   0.641902   0.249637   0.359474
      0.28   0.607078   0.251636   0.355794
      0.29    0.58535   0.254808   0.355056
       0.3   0.554796   0.259658   0.353751
      0.31    0.52301   0.265767   0.352441
      0.32   0.501471   0.267055   0.348512
      0.33   0.467691   0.271238    0.34335
      0.34   0.454692   0.275406   0.343036
      0.35   0.433153   0.279042   0.339424
      0.36   0.416358   0.281583   0.335958
      0.37   0.392352   0.286192   0.330968
      0.38   0.374039   0.290389   0.326949
      0.39   0.352026   0.294099   0.320466
       0.4   0.333144   0.295832   0.313381
      0.41   0.310845   0.297457   0.304004
      0.42   0.299364   0.305758   0.302528
      0.43   0.289496   0.308589   0.298738
      0.44   0.264351   0.313433   0.286807
      0.45   0.258658    0.32164   0.286731
      0.46    0.24898   0.331545   0.284391
      0.47   0.239491   0.340596   0.281233
      0.48   0.232185   0.349246   0.278932
      0.49   0.229908      0.356   0.279386
       0.5   0.223551   0.369773   0.278644
      0.51   0.211595   0.377129    0.27109
      0.52   0.202676   0.385017   0.265559
      0.53   0.190436   0.402355   0.258515
      0.54   0.182465   0.410526    0.25264
      0.55   0.170699   0.425532   0.243657
      0.56   0.165765   0.434109   0.239918
      0.57   0.155138   0.452381   0.231043
      0.58   0.146693   0.450886   0.221366
      0.59   0.126672   0.440454   0.196758
       0.6   0.114907   0.448133   0.182912
      0.61  0.0991555   0.437346   0.161659
      0.62  0.0768574   0.445455   0.131096
      0.63  0.0747699    0.47079   0.129045
      0.64  0.0588291   0.467213     0.1045
      0.65  0.0565519   0.474886   0.101068
      0.66  0.0509536   0.511905  0.0926819
      0.67  0.0472531   0.553957  0.0870783
      0.68  0.0347282   0.695652  0.0661538
      0.69  0.0312174   0.753623  0.0599514
       0.7  0.0236265      0.875  0.0460107
      0.71  0.0198311   0.941176  0.0388437
      0.72  0.0171743          1  0.0337687
      0.73  0.0142328          1  0.0280662
      0.74  0.0127147          1  0.0251101
      0.75 0.00645223          1  0.0128217
      0.76          0          0          0
      0.77          0          0          0
      0.78          0          0          0
      0.79          0          0          0
       0.8          0          0          0
      0.81          0          0          0
      0.82          0          0          0
      0.83          0          0          0
      0.84          0          0          0
      0.85          0          0          0
      0.86          0          0          0
      0.87          0          0          0
      0.88          0          0          0
      0.89          0          0          0
       0.9          0          0          0
      0.91          0          0          0
      0.92          0          0          0
      0.93          0          0          0
      0.94          0          0          0
      0.95          0          0          0
      0.96          0          0          0
      0.97          0          0          0
      0.98          0          0          0
      0.99          0          0          0
