         0          1   0.235879   0.381719
      0.01   0.964742   0.365471   0.530118
      0.02   0.964742   0.365824    0.53049
      0.03   0.964742   0.366175   0.530859
      0.04   0.964036    0.36798   0.532645
      0.05   0.961492    0.36934   0.533677
      0.06   0.958101   0.376103   0.540164
      0.07   0.956476   0.379477   0.543374
      0.08   0.947432   0.385668   0.548187
      0.09    0.94185   0.391816   0.553409
       0.1   0.935632   0.405773   0.566054
      0.11    0.93005   0.417862   0.576644
      0.12   0.920865   0.426242   0.582747
      0.13   0.902777   0.440239   0.591859
      0.14   0.884124   0.452338    0.59848
      0.15   0.858617   0.475918   0.612395
      0.16   0.846181   0.491043   0.621453
      0.17   0.824136   0.511952   0.631572
      0.18    0.81488   0.526904   0.639989
      0.19   0.789727    0.54506    0.64497
       0.2   0.761535   0.555095   0.642131
      0.21    0.73094   0.572743   0.642243
      0.22   0.695047   0.592513   0.639697
      0.23   0.675193    0.60553   0.638467
      0.24   0.654773   0.625284   0.639689
      0.25   0.642125   0.639349   0.640734
      0.26   0.628489   0.659097   0.643429
      0.27   0.620363    0.66777   0.643194
      0.28   0.604607    0.68167    0.64083
      0.29   0.584611   0.691563   0.633605
       0.3   0.563202   0.705531   0.626383
      0.31   0.549071    0.70996   0.619236
      0.32   0.533314   0.714761   0.610848
      0.33   0.507172   0.720036   0.595143
      0.34    0.49198   0.724942   0.586163
      0.35   0.457359    0.73069   0.562582
      0.36   0.430227   0.731576   0.541819
      0.37    0.40472   0.744321   0.524336
      0.38    0.38854   0.755749   0.513224
      0.39    0.36494   0.772483     0.4957
       0.4   0.357875   0.782881   0.491206
      0.41   0.340988   0.801802   0.478486
      0.42   0.309404   0.810656    0.44787
      0.43   0.296545   0.818973   0.435425
      0.44    0.27881   0.821261   0.416293
      0.45   0.263619   0.818182   0.398758
      0.46   0.239172   0.818278   0.370153
      0.47   0.231541   0.827933   0.361879
      0.48   0.215219   0.836538   0.342359
      0.49   0.207023   0.837388   0.331974
       0.5   0.185826   0.838068   0.304202
      0.51   0.170777   0.835385   0.283581
      0.52   0.162722   0.838499   0.272551
      0.53   0.147177   0.842779   0.250593
      0.54   0.139193   0.839147   0.238779
      0.55   0.120399   0.839207   0.210585
      0.56    0.10867    0.84689   0.192623
      0.57   0.101251   0.847769   0.180896
      0.58  0.0965166   0.849162   0.173332
      0.59  0.0912174   0.865625   0.165043
       0.6  0.0874726   0.860465   0.158802
      0.61  0.0823147   0.857664   0.150213
      0.62  0.0790645   0.880658   0.145102
      0.63  0.0747545   0.872146   0.137706
      0.64  0.0712923   0.870466   0.131791
      0.65  0.0677595   0.865922   0.125684
      0.66  0.0609058   0.898649    0.11408
      0.67  0.0568077   0.902256   0.106886
      0.68  0.0500247    0.87963  0.0946658
      0.69   0.048117       0.88  0.0912449
       0.7  0.0423938   0.865854  0.0808301
      0.71  0.0373066   0.855072  0.0714939
      0.72   0.034339    0.84127  0.0659847
      0.73  0.0294637   0.816327  0.0568747
      0.74  0.0207023        0.8  0.0403602
      0.75  0.0153324   0.764706  0.0300621
      0.76  0.0149085   0.757576  0.0292415
      0.77   0.013778   0.733333  0.0270478
      0.78  0.0130714   0.730769  0.0256835
      0.79 0.00840811   0.647059  0.0166005
       0.8 0.00727761   0.692308  0.0144038
      0.81          0          0          0
      0.82          0          0          0
      0.83          0          0          0
      0.84          0          0          0
      0.85          0          0          0
      0.86          0          0          0
      0.87          0          0          0
      0.88          0          0          0
      0.89          0          0          0
       0.9          0          0          0
      0.91          0          0          0
      0.92          0          0          0
      0.93          0          0          0
      0.94          0          0          0
      0.95          0          0          0
      0.96          0          0          0
      0.97          0          0          0
      0.98          0          0          0
      0.99          0          0          0
