         0          1   0.265439    0.41952
      0.01   0.902872   0.329397   0.482693
      0.02   0.902872   0.329397   0.482693
      0.03   0.902872   0.329414   0.482711
      0.04   0.902872   0.329785   0.483108
      0.05   0.902872   0.329901   0.483233
      0.06   0.902872   0.330692   0.484082
      0.07   0.902872   0.332074    0.48556
      0.08   0.902792   0.335115   0.488791
      0.09   0.902512    0.33764   0.491431
       0.1   0.898039   0.341474   0.494802
      0.11   0.894764   0.347266   0.500344
      0.12   0.890012   0.350913   0.503361
      0.13   0.884021   0.357193   0.508802
      0.14   0.879188   0.361146   0.511983
      0.15   0.868325   0.368411   0.517331
      0.16   0.864811   0.373149   0.521347
      0.17   0.858061   0.379764   0.526505
      0.18   0.855426   0.385604   0.531584
      0.19   0.847678   0.392054    0.53614
       0.2   0.842126    0.39661   0.539252
      0.21   0.829666   0.403888   0.543295
      0.22    0.82048   0.409715    0.54652
      0.23   0.806981   0.414013    0.54726
      0.24   0.791206   0.420198   0.548889
      0.25   0.784017   0.426269   0.552269
      0.26   0.767802    0.43056   0.551728
      0.27   0.748472   0.434163   0.549551
      0.28   0.730061   0.438712   0.548073
      0.29   0.710092   0.442274   0.545061
       0.3   0.688366   0.445548   0.540958
      0.31   0.656696   0.449187   0.533473
      0.32   0.636088   0.450091   0.527164
      0.33   0.614322   0.455433   0.523078
      0.34   0.599744   0.457625   0.519133
      0.35   0.578977   0.462125   0.513993
      0.36   0.561524   0.462934   0.507485
      0.37   0.543911   0.468936   0.503649
      0.38   0.535245   0.474844   0.503239
      0.39   0.519789   0.478641   0.498367
       0.4   0.506051    0.48318   0.494351
      0.41   0.486481   0.489109   0.487792
      0.42   0.465114   0.493775   0.479016
      0.43   0.452614   0.495907   0.473272
      0.44   0.432326   0.503527   0.465218
      0.45   0.421383      0.508   0.460655
      0.46   0.400974   0.507435   0.447966
      0.47   0.388354   0.505433   0.439225
      0.48   0.358281   0.505622   0.419387
      0.49   0.341108   0.505231   0.407256
       0.5    0.31379    0.50641   0.387483
      0.51   0.293822   0.503749   0.371158
      0.52    0.27593   0.500502   0.355738
      0.53   0.255362   0.492135   0.336249
      0.54   0.231359   0.487195   0.313733
      0.55   0.194497   0.472565   0.275574
      0.56   0.183154   0.468148   0.263298
      0.57   0.163705   0.463516   0.241955
      0.58   0.142218   0.450909   0.216235
      0.59   0.116498    0.43527   0.183803
       0.6   0.109869   0.430868    0.17509
      0.61  0.0982467   0.420804   0.159301
      0.62   0.085267   0.420408   0.141779
      0.63  0.0813531   0.433186   0.136981
      0.64  0.0746835   0.438424   0.127626
      0.65  0.0669755   0.433155   0.116013
      0.66  0.0605855   0.438384   0.106458
      0.67  0.0571508   0.452703   0.101489
      0.68  0.0528376   0.460358   0.094795
      0.69  0.0491234   0.471429  0.0889754
       0.7  0.0389393   0.468013  0.0718966
      0.71  0.0294341   0.441065  0.0551854
      0.72  0.0259196    0.45045  0.0490185
      0.73  0.0152562    0.47093  0.0295549
      0.74  0.0150565   0.506494  0.0292437
      0.75  0.0142977   0.534351  0.0278502
      0.76  0.0136587   0.578947  0.0266878
      0.77  0.0134989   0.596154  0.0264001
      0.78  0.0130996    0.62766  0.0256635
      0.79  0.0124206   0.670886  0.0243897
       0.8  0.0121011   0.684932  0.0237821
      0.81  0.0118615        0.7  0.0233277
      0.82  0.0107832   0.673077  0.0212263
      0.83  0.0103439   0.666667  0.0203716
      0.84 0.00850673   0.677419  0.0168025
      0.85 0.00623028        0.6  0.0123325
      0.86 0.00623028      0.625  0.0123376
      0.87 0.00595072   0.608696  0.0117862
      0.88 0.00539159       0.65  0.0106945
      0.89 0.00539159   0.722222  0.0107033
       0.9 0.00539159   0.928571  0.0107209
      0.91 0.00483246          1 0.00961844
      0.92 0.00479252          1 0.00953933
      0.93 0.00319502          1 0.00636968
      0.94 0.00319502          1 0.00636968
      0.95 0.00291545          1 0.00581395
      0.96 0.00291545          1 0.00581395
      0.97 0.00135788          1 0.00271208
      0.98 0.00135788          1 0.00271208
      0.99 0.00103838          1 0.00207461
