         0          1   0.256164   0.407851
      0.01   0.978352   0.457694   0.623637
      0.02   0.978352   0.457786   0.623723
      0.03   0.978352   0.458003   0.623924
      0.04   0.978352   0.458421   0.624312
      0.05   0.978352   0.458962   0.624813
      0.06   0.978352   0.461617   0.627269
      0.07   0.978236   0.463771   0.629231
      0.08   0.978062   0.467972    0.63305
      0.09   0.978003   0.471004   0.635806
       0.1   0.977423   0.477599   0.641662
      0.11   0.976843   0.486915   0.649888
      0.12   0.976785   0.494521   0.656614
      0.13   0.975682   0.506469   0.666804
      0.14   0.973244   0.516435     0.6748
      0.15   0.968891   0.529437   0.684719
      0.16   0.966744   0.535524   0.689244
      0.17   0.958677    0.54377   0.693934
      0.18   0.954324   0.552553   0.699877
      0.19   0.942136    0.56101   0.703255
       0.2   0.924666   0.567507   0.703343
      0.21   0.900929   0.578083    0.70427
      0.22   0.883053   0.587285   0.705421
      0.23   0.870517   0.594287   0.706356
      0.24    0.84231   0.604912    0.70414
      0.25   0.835984   0.610758    0.70584
      0.26   0.816831   0.617243   0.703148
      0.27   0.806616   0.621026   0.701758
      0.28   0.788392   0.621814   0.695265
      0.29   0.773593   0.625239   0.691549
       0.3   0.756413    0.62751   0.685958
      0.31   0.724898   0.633433   0.676086
      0.32   0.713175   0.637421   0.673173
      0.33   0.684214   0.639524   0.661114
      0.34    0.66303   0.639331   0.650965
      0.35   0.638479   0.640638   0.639557
      0.36   0.620894   0.644754   0.632599
      0.37   0.604469   0.652912   0.627757
      0.38   0.590133     0.6596   0.622936
      0.39   0.563146   0.660516   0.607957
       0.4   0.545328   0.661354   0.597763
      0.41   0.506907   0.657806   0.572581
      0.42   0.480615   0.653755   0.553972
      0.43   0.467266    0.65387   0.545039
      0.44    0.43401   0.657938   0.523014
      0.45   0.416599   0.657172   0.509936
      0.46   0.401393   0.661915   0.499739
      0.47   0.389901   0.666157   0.491896
      0.48   0.365177   0.673654   0.473615
      0.49   0.353627   0.678754   0.464995
       0.5   0.343587   0.689452   0.458621
      0.51   0.329251   0.699618   0.447773
      0.52   0.324144   0.702795   0.443662
      0.53   0.309634   0.708091   0.430861
      0.54   0.301277   0.717582   0.424378
      0.55   0.295299    0.73885   0.421954
      0.56   0.289611   0.745732   0.417199
      0.57    0.28137   0.761194   0.410866
      0.58   0.276204   0.772109   0.406863
      0.59   0.264887    0.78504   0.396117
       0.6   0.259721   0.796353   0.391696
      0.61   0.254382   0.823529   0.388698
      0.62   0.248172   0.838542   0.382994
      0.63   0.245154   0.846361   0.380185
      0.64   0.232966   0.856322   0.366283
      0.65   0.230238   0.860809   0.363304
      0.66   0.226291   0.874346   0.359532
      0.67   0.222635    0.88828   0.356035
      0.68    0.21451   0.898601   0.346342
      0.69   0.207545    0.90625   0.337742
       0.7   0.196692   0.913043   0.323659
      0.71   0.180151   0.926471   0.301647
      0.72   0.172374   0.933764   0.291024
      0.73    0.15148   0.947664   0.261207
      0.74   0.147766   0.969574   0.256448
      0.75   0.122635   0.974359   0.217851
      0.76   0.108416    0.98452   0.195322
      0.77  0.0908299   0.996094   0.166479
      0.78  0.0821822   0.995595   0.151831
      0.79  0.0607081          1   0.114467
       0.8   0.054498          1   0.103363
      0.81  0.0461985          1  0.0883169
      0.82  0.0412652          1  0.0792598
      0.83  0.0395241          1  0.0760427
      0.84  0.0323273          1    0.06263
      0.85  0.0293674          1  0.0570591
      0.86  0.0255949          1  0.0499123
      0.87  0.0201393          1  0.0394834
      0.88 0.00876378          1  0.0173753
      0.89 0.00789321          1  0.0156628
       0.9 0.00377249          1 0.00751662
      0.91 0.00319211          1  0.0063639
      0.92          0          0          0
      0.93          0          0          0
      0.94          0          0          0
      0.95          0          0          0
      0.96          0          0          0
      0.97          0          0          0
      0.98          0          0          0
      0.99          0          0          0
