         0          1   0.331079    0.49746
      0.01   0.926966   0.294408   0.446883
      0.02   0.926966   0.294408   0.446883
      0.03   0.926966   0.294442   0.446923
      0.04   0.926966    0.29453   0.447025
      0.05   0.926966    0.29491   0.447462
      0.06   0.926966   0.295448   0.448081
      0.07   0.926966   0.295876   0.448573
      0.08   0.926966    0.29695   0.449806
      0.09   0.926966     0.2975   0.450437
       0.1   0.926593   0.298923   0.452022
      0.11   0.926593   0.301189   0.454608
      0.12   0.926593   0.302377   0.455959
      0.13   0.925888   0.304659   0.458463
      0.14    0.92539   0.306614   0.460611
      0.15   0.924021   0.309582    0.46378
      0.16   0.923275   0.311857   0.466234
      0.17   0.920123   0.315391   0.469762
      0.18   0.915105    0.31752   0.471456
      0.19   0.910377    0.31976   0.473284
       0.2   0.903824   0.320924   0.473663
      0.21   0.897395   0.324023    0.47613
      0.22   0.890013   0.328192    0.47955
      0.23   0.885078   0.333067   0.483998
      0.24   0.878525   0.339458   0.489698
      0.25   0.872138   0.344635   0.494044
      0.26   0.863346   0.352119   0.500221
      0.27   0.856627   0.357358   0.504326
      0.28   0.843895   0.366861   0.511403
      0.29   0.837799   0.373008   0.516194
       0.3   0.823822   0.381469   0.521472
      0.31   0.812168   0.393092   0.529772
      0.32   0.803251   0.401193   0.535116
      0.33   0.787948   0.412064   0.541136
      0.34   0.778865   0.420243   0.545926
      0.35   0.757714   0.430735   0.549243
      0.36   0.748548   0.439721   0.554003
      0.37   0.730259   0.453646   0.559638
      0.38   0.710601   0.463206   0.560832
      0.39   0.692684    0.47998   0.567042
       0.4   0.683643   0.491287   0.571719
      0.41   0.660791   0.508042   0.574436
      0.42   0.639018   0.524985   0.576416
      0.43   0.617991   0.535878   0.574013
      0.44   0.600572   0.551866    0.57519
      0.45   0.580168   0.566473   0.573238
      0.46   0.561546   0.583877   0.572494
      0.47   0.550182   0.593089   0.570831
      0.48   0.526501   0.607028   0.563904
      0.49   0.507963   0.617755   0.557505
       0.5   0.481171   0.632255   0.546462
      0.51   0.453965   0.645199   0.532946
      0.52    0.44144   0.658498   0.528552
      0.53   0.420579   0.669553   0.516635
      0.54   0.405441   0.672801   0.505974
      0.55   0.376369    0.67841   0.484144
      0.56   0.357996   0.683444   0.469869
      0.57    0.33896   0.690488   0.454705
      0.58   0.314117   0.686646   0.431046
      0.59   0.288321    0.68649   0.406088
       0.6   0.270322   0.686017   0.387824
      0.61   0.243945   0.688904   0.360304
      0.62   0.223996    0.69835   0.339196
      0.63    0.21031   0.706181   0.324099
      0.64   0.186878   0.709459   0.295831
      0.65   0.176551   0.713836   0.283087
      0.66   0.150962   0.724095   0.249837
      0.67   0.135368   0.726272   0.228202
      0.68   0.121143   0.716586   0.207249
      0.69   0.103434   0.707581   0.180485
       0.7    0.08249   0.690377   0.147371
      0.71  0.0654031   0.702771   0.119669
      0.72  0.0595969   0.688172   0.109694
      0.73  0.0512608   0.681682  0.0953514
      0.74  0.0490212   0.694079  0.0915747
      0.75    0.04392   0.697095  0.0826338
      0.76  0.0326808   0.678392  0.0623576
      0.77   0.028492   0.654762  0.0546078
      0.78  0.0252157   0.636986   0.048511
      0.79  0.0182896   0.573913  0.0354496
       0.8  0.0159257   0.571429  0.0309877
      0.81  0.0132714   0.597561  0.0259661
      0.82 0.00866788   0.596154  0.0170873
      0.83 0.00750664   0.574468  0.0148196
      0.84 0.00659423        0.6  0.0130451
      0.85 0.00530856    0.73913  0.0105414
      0.86 0.00178334          1 0.00356034
      0.87  0.0017004          1 0.00339502
      0.88 0.00141009          1  0.0028162
      0.89 0.000995355          1 0.00198873
       0.9          0          0          0
      0.91          0          0          0
      0.92          0          0          0
      0.93          0          0          0
      0.94          0          0          0
      0.95          0          0          0
      0.96          0          0          0
      0.97          0          0          0
      0.98          0          0          0
      0.99          0          0          0
