         0          1   0.310743   0.474148
      0.01   0.952272    0.34785   0.509564
      0.02   0.952272    0.34785   0.509564
      0.03   0.952272   0.347866   0.509581
      0.04   0.952272   0.348392   0.510145
      0.05   0.952272   0.349161   0.510969
      0.06   0.952272   0.351234   0.513186
      0.07   0.952272   0.353138   0.515215
      0.08   0.952272   0.357624   0.519973
      0.09   0.952232   0.361268   0.523808
       0.1   0.952192   0.367092   0.529897
      0.11   0.952031   0.374196   0.537232
      0.12   0.951871   0.379346   0.542494
      0.13   0.951029   0.389097    0.55225
      0.14   0.950186   0.395523   0.558547
      0.15   0.948823   0.407145    0.56979
      0.16   0.947058   0.414753   0.576872
      0.17   0.945614   0.425528   0.586934
      0.18   0.943248   0.432806   0.593353
      0.19   0.939999   0.445214    0.60424
       0.2    0.93671   0.452694   0.610395
      0.21   0.930494   0.467473   0.622305
      0.22   0.923836   0.480518   0.632205
      0.23   0.919103   0.489616   0.638889
      0.24   0.910881   0.505034   0.649793
      0.25   0.904865    0.51579    0.65705
      0.26   0.895921   0.532475    0.66796
      0.27   0.890627   0.543865   0.675334
      0.28   0.881843   0.560832   0.685623
      0.29   0.872218   0.570241    0.68962
       0.3   0.861148   0.585148   0.696813
      0.31   0.847311   0.600049    0.70256
      0.32   0.837966   0.609945      0.706
      0.33    0.82465   0.624827   0.710965
      0.34   0.816909   0.632423   0.712925
      0.35   0.796655   0.645911   0.713407
      0.36   0.784944    0.65454   0.713835
      0.37   0.767176   0.661629   0.710504
      0.38    0.74985   0.668124   0.706632
      0.39   0.728753   0.678446     0.7027
       0.4   0.707937   0.682802   0.695143
      0.41   0.684755   0.693199   0.688951
      0.42   0.662135   0.700906   0.680969
      0.43   0.647415    0.70373   0.674399
      0.44    0.62295   0.708946   0.663171
      0.45   0.604781   0.709616   0.653018
      0.46   0.579112   0.715276   0.640032
      0.47   0.564874   0.717129    0.63196
      0.48   0.541772   0.719105   0.617968
      0.49   0.526812   0.717731   0.607627
       0.5   0.493362   0.715789   0.584118
      0.51   0.464886   0.719795   0.564916
      0.52   0.453937   0.721925   0.557392
      0.53   0.437613   0.723524   0.545368
      0.54   0.425179   0.729986   0.537369
      0.55   0.402037   0.731162   0.518805
      0.56    0.39169   0.736623   0.511432
      0.57   0.368909   0.736095   0.491495
      0.58   0.350018   0.729681   0.473098
      0.59   0.327959   0.730567   0.452697
       0.6   0.312678   0.730392   0.437895
      0.61   0.289095   0.730828   0.414303
      0.62    0.26868   0.730413   0.392851
      0.63   0.253199   0.730216   0.376016
      0.64   0.227249   0.734964   0.347158
      0.65   0.214415   0.734007   0.331882
      0.66   0.193799   0.740789   0.307225
      0.67   0.170497   0.738024   0.277001
      0.68   0.147596   0.730018   0.245546
      0.69   0.127141   0.711656   0.215739
       0.7   0.100549   0.701058   0.175874
      0.71  0.0691453   0.646853   0.124936
      0.72   0.058958   0.634981   0.107898
      0.73    0.04849   0.606195   0.089797
      0.74  0.0439979   0.592233  0.0819106
      0.75   0.036578   0.549451  0.0685899
      0.76  0.0333694   0.529412  0.0627817
      0.77  0.0255084   0.468531  0.0483826
      0.78  0.0226206   0.454545  0.0430965
      0.79  0.0171259    0.40678   0.032868
       0.8   0.013436   0.389381  0.0259757
      0.81  0.0107087   0.367925  0.0208117
      0.82 0.00958569       0.34  0.0186457
      0.83   0.008583   0.329787  0.0167306
      0.84  0.0075001   0.287356  0.0146186
      0.85  0.0058958      0.225  0.0114905
      0.86 0.00340914   0.207792 0.00670821
      0.87 0.00340914   0.197368  0.0067025
      0.88 0.00316849   0.189189  0.0062326
      0.89 0.00308828   0.169014 0.00606572
       0.9 0.00288774    0.15942 0.00567272
      0.91 0.00148398   0.188679 0.00294479
      0.92 0.000922472   0.214286 0.00183704
      0.93 0.00048129   0.307692 0.000961076
      0.94 0.000360967   0.466667 0.000721377
      0.95          0          0          0
      0.96          0          0          0
      0.97          0          0          0
      0.98          0          0          0
      0.99          0          0          0
