         0          1   0.205491   0.340925
      0.01    0.95417    0.30151   0.458225
      0.02    0.95417   0.301541   0.458261
      0.03    0.95417   0.301681   0.458423
      0.04    0.95417   0.302749   0.459655
      0.05    0.95417     0.3045   0.461669
      0.06    0.95417   0.308198   0.465907
      0.07    0.95417   0.311362   0.469514
      0.08   0.953504   0.318834   0.477875
      0.09   0.950671   0.324204   0.483516
       0.1   0.943171   0.334879   0.494266
      0.11   0.931922   0.348552   0.507349
      0.12    0.92284   0.363356   0.521413
      0.13   0.908258   0.383722   0.539511
      0.14   0.899175   0.400974   0.554622
      0.15    0.87576   0.427566     0.5746
      0.16   0.864761   0.441666   0.584702
      0.17   0.839597   0.458923   0.593461
      0.18   0.823848   0.472065    0.60021
      0.19   0.775769   0.488368   0.599398
       0.2   0.750354   0.502991   0.602262
      0.21   0.686526   0.515098   0.588584
      0.22   0.631281   0.518297   0.569237
      0.23   0.587534   0.515972   0.549433
      0.24   0.535039   0.508511   0.521438
      0.25   0.490792   0.498469   0.494601
      0.26   0.431547   0.486196   0.457245
      0.27    0.40355   0.484454   0.440316
      0.28   0.368219   0.466118   0.411425
      0.29   0.335139   0.448185   0.383505
       0.3   0.307558   0.416667   0.353893
      0.31   0.270727   0.388626   0.319136
      0.32   0.236314   0.367841    0.28776
      0.33   0.195317   0.347245    0.25001
      0.34   0.177902   0.322936   0.229419
      0.35   0.131072   0.292524    0.18103
      0.36   0.110824   0.291108   0.160534
      0.37  0.0884093   0.271739   0.133413
      0.38  0.0789101   0.262391   0.121332
      0.39  0.0668278   0.260726   0.106387
       0.4  0.0644946   0.273723   0.104392
      0.41  0.0549954   0.265306  0.0911055
      0.42   0.051829   0.288416   0.087868
      0.43  0.0476627    0.30163  0.0823178
      0.44  0.0380802   0.305732  0.0677249
      0.45  0.0380802   0.330986  0.0683021
      0.46  0.0358303       0.36   0.065174
      0.47  0.0336639   0.386935  0.0619389
      0.48   0.031914   0.421384  0.0593343
      0.49   0.031914   0.515625  0.0601077
       0.5  0.0254979   0.633333  0.0490221
      0.51  0.0247479    0.72973  0.0478723
      0.52  0.0241647    0.87931  0.0470367
      0.53  0.0219982          1  0.0430493
      0.54  0.0212482          1  0.0416123
      0.55  0.0197484          1  0.0387318
      0.56  0.0192484          1  0.0377698
      0.57  0.0192484          1  0.0377698
      0.58  0.0183318          1  0.0360036
      0.59   0.016082          1  0.0316549
       0.6  0.0153321          1  0.0302011
      0.61  0.0147488          1  0.0290688
      0.62  0.0138322          1  0.0272869
      0.63  0.0120823          1  0.0238762
      0.64  0.0116657          1  0.0230624
      0.65  0.0100825          1  0.0199637
      0.66 0.00633281          1  0.0125859
      0.67 0.00633281          1  0.0125859
      0.68 0.00633281          1  0.0125859
      0.69 0.00633281          1  0.0125859
       0.7 0.00583285          1   0.011598
      0.71 0.00508291          1  0.0101144
      0.72 0.00358303          1 0.00714048
      0.73 0.00358303          1 0.00714048
      0.74 0.00358303          1 0.00714048
      0.75 0.00358303          1 0.00714048
      0.76 0.00333306          1 0.00664397
      0.77          0          0          0
      0.78          0          0          0
      0.79          0          0          0
       0.8          0          0          0
      0.81          0          0          0
      0.82          0          0          0
      0.83          0          0          0
      0.84          0          0          0
      0.85          0          0          0
      0.86          0          0          0
      0.87          0          0          0
      0.88          0          0          0
      0.89          0          0          0
       0.9          0          0          0
      0.91          0          0          0
      0.92          0          0          0
      0.93          0          0          0
      0.94          0          0          0
      0.95          0          0          0
      0.96          0          0          0
      0.97          0          0          0
      0.98          0          0          0
      0.99          0          0          0
