         0          1   0.176767   0.300428
      0.01   0.976128   0.245264   0.392027
      0.02   0.976128   0.245341   0.392125
      0.03   0.976128   0.245712   0.392599
      0.04   0.976128   0.246927   0.394148
      0.05   0.976128   0.248787   0.396514
      0.06   0.976128   0.252822   0.401622
      0.07   0.976128   0.255863   0.405449
      0.08   0.976128   0.262293    0.41348
      0.09   0.976128   0.267144   0.419484
       0.1   0.973852   0.273082   0.426552
      0.11    0.97229   0.280314   0.435167
      0.12    0.95529   0.284512   0.438443
      0.13   0.947793   0.293611   0.448335
      0.14   0.944179   0.301006   0.456484
      0.15   0.939985   0.313391   0.470063
      0.16   0.935255   0.321851   0.478898
      0.17   0.933559    0.33598   0.494128
      0.18   0.930257   0.343721   0.501969
      0.19   0.926197   0.357178   0.515542
       0.2   0.923297   0.366714   0.524935
      0.21   0.918567   0.382497   0.540095
      0.22   0.909866     0.3972   0.552993
      0.23   0.907412    0.40742    0.56235
      0.24   0.903931   0.421435   0.574857
      0.25   0.902057   0.429423   0.581855
      0.26   0.895632   0.439164   0.589347
      0.27   0.887198   0.445505   0.593157
      0.28   0.874035   0.452126   0.595967
      0.29   0.862969   0.457326   0.597833
       0.3   0.847173    0.46685   0.601972
      0.31   0.842533   0.475115   0.607598
      0.32   0.836107   0.479837   0.609745
      0.33   0.825264   0.487623   0.613027
      0.34   0.815894   0.491508   0.613458
      0.35   0.802909   0.499191   0.615629
      0.36   0.796261   0.503225   0.616703
      0.37   0.789791   0.511005   0.620523
      0.38   0.780911   0.516434   0.621714
      0.39   0.775467   0.525108    0.62619
       0.4   0.771407   0.528772   0.627449
      0.41   0.765071   0.535792   0.630226
      0.42   0.753915   0.544349   0.632218
      0.43   0.742493   0.547318   0.630138
      0.44   0.738789   0.554237   0.633342
      0.45   0.733658   0.557468   0.633542
      0.46    0.72808    0.56574   0.636725
      0.47    0.72634   0.571283   0.639547
      0.48   0.721208   0.580457   0.643223
      0.49   0.717862   0.581779   0.642696
       0.5   0.710633   0.587511   0.643233
      0.51   0.703806   0.593732     0.6441
      0.52   0.700772   0.596491    0.64444
      0.53   0.691937   0.601174    0.64337
      0.54   0.683281   0.599873   0.638866
      0.55   0.676097    0.60184   0.636811
      0.56   0.669983   0.604237   0.635414
      0.57   0.660836   0.606994   0.632772
      0.58   0.652537    0.60785   0.629401
      0.59   0.640355   0.612738   0.626242
       0.6   0.631966   0.611549    0.62159
      0.61   0.623979   0.617337    0.62064
      0.62   0.608853   0.613957   0.611394
      0.63   0.601535   0.616049   0.608706
      0.64   0.593057   0.620076   0.606266
      0.65   0.582348   0.624024   0.602466
      0.66   0.573781   0.631579   0.601294
      0.67   0.567846   0.634191   0.599188
      0.68   0.559725   0.637956   0.596285
      0.69   0.551024   0.646199   0.594828
       0.7   0.530498   0.652152   0.585068
      0.71   0.525322   0.662269     0.5859
      0.72   0.521485   0.664321     0.5843
      0.73    0.50676    0.66573   0.575468
      0.74   0.496096   0.663194   0.567602
      0.75   0.472804   0.657526   0.550071
      0.76    0.46437   0.658816   0.544762
      0.77   0.432198   0.644244   0.517336
      0.78   0.413368   0.633115    0.50017
      0.79   0.354692    0.61285    0.44933
       0.8   0.306814   0.590119   0.403724
      0.81   0.263174   0.568586   0.359809
      0.82     0.2136   0.540904    0.30626
      0.83   0.189237   0.525538   0.278273
      0.84   0.146134   0.467105   0.222621
      0.85   0.117933   0.400387     0.1822
      0.86  0.0671545   0.308458   0.110296
      0.87  0.0531435    0.28655  0.0896589
      0.88   0.038731    0.28223  0.0681145
      0.89  0.0355183    0.26087  0.0625237
       0.9  0.0241399    0.19802  0.0430338
      0.91  0.0095935   0.113924  0.0176968
      0.92 0.000535451  0.0666667 0.00106237
      0.93 0.000535451  0.0841121 0.00106413
      0.94 0.000535451  0.0823529 0.00106398
      0.95 0.000401589  0.0816327 0.000799245
      0.96 0.000401589  0.0731707 0.000798793
      0.97 0.000401589  0.0857143 0.000799432
      0.98 0.000401589       0.08 0.000799165
      0.99          0          0          0
