         0          1   0.361785    0.53134
      0.01   0.964442   0.377709   0.542828
      0.02   0.964442   0.377737   0.542856
      0.03   0.964442   0.377834   0.542957
      0.04   0.964442   0.378528   0.543673
      0.05   0.964442   0.380091   0.545284
      0.06   0.964442   0.383901   0.549193
      0.07   0.964161   0.387187   0.552501
      0.08   0.963911   0.395406   0.560777
      0.09   0.962851    0.40249    0.56768
       0.1   0.960605   0.412336   0.576998
      0.11    0.95393   0.423139   0.586238
      0.12   0.948347    0.43103   0.592682
      0.13   0.933999   0.441803   0.599859
      0.14   0.919276   0.450217   0.604419
      0.15   0.898971   0.463812   0.611915
      0.16   0.883001    0.47216   0.615304
      0.17   0.862851   0.487894   0.623329
      0.18   0.849875    0.49807   0.628063
      0.19   0.824735    0.51362   0.633016
       0.2   0.803088   0.523978   0.634182
      0.21   0.776076    0.53573   0.633885
      0.22   0.744292   0.547642   0.631001
      0.23   0.730162   0.556062   0.631329
      0.24   0.706238   0.567992   0.629616
      0.25   0.685995   0.574473   0.625301
      0.26   0.656675   0.589463   0.621256
      0.27   0.633125   0.598901   0.615538
      0.28   0.611229   0.615751   0.613482
      0.29   0.595321   0.626678   0.610597
       0.3   0.573019   0.637209   0.603412
      0.31   0.546288   0.646861   0.592336
      0.32   0.528852   0.652302   0.584126
      0.33   0.495789   0.657974   0.565483
      0.34   0.483094   0.662896    0.55889
      0.35   0.455958   0.666578   0.541509
      0.36   0.437087   0.668346   0.528526
      0.37   0.414691   0.677017   0.514337
      0.38   0.398222   0.679974   0.502285
      0.39   0.381254   0.685754   0.490055
       0.4   0.364005   0.691544   0.476957
      0.41   0.344011   0.693697   0.459936
      0.42   0.324766    0.70288   0.444261
      0.43   0.313412   0.710212   0.434904
      0.44   0.290923   0.718984   0.414234
      0.45    0.27592   0.721579   0.399195
      0.46   0.265346   0.732022   0.389504
      0.47   0.260324   0.741308   0.385332
      0.48   0.250187   0.763141   0.376834
      0.49   0.244916   0.770654   0.371703
       0.5   0.238709   0.773138   0.364788
      0.51   0.230318   0.788015   0.356453
      0.52     0.2233   0.796825   0.348842
      0.53   0.211447   0.811755   0.335502
      0.54   0.206145   0.821269   0.329566
      0.55   0.200374   0.839768   0.323548
      0.56    0.19582   0.855397   0.318686
      0.57   0.188272   0.871539   0.309652
      0.58    0.18063   0.878505   0.299649
      0.59   0.168746   0.883375   0.283363
       0.6   0.163818    0.90013   0.277189
      0.61   0.156675   0.908206   0.267247
      0.62   0.150811   0.912023   0.258823
      0.63   0.145696   0.922601   0.251651
      0.64   0.137461   0.931553   0.239571
      0.65   0.134061   0.933566   0.234454
      0.66   0.122895   0.937262   0.217297
      0.67   0.121085   0.944664   0.214657
      0.68   0.118715   0.960581   0.211314
      0.69   0.116843   0.971491   0.208598
       0.7   0.113568   0.974178   0.203422
      0.71   0.109264   0.984694   0.196701
      0.72   0.106457    0.99455   0.192327
      0.73   0.096257   0.996933   0.175563
      0.74  0.0913288   0.996764   0.167326
      0.75  0.0816282          1   0.150936
      0.76  0.0791641          1   0.146714
      0.77  0.0730505          1   0.136155
      0.78  0.0686213          1    0.12843
      0.79  0.0647224          1   0.121576
       0.8  0.0611354          1   0.115226
      0.81  0.0561759          1   0.106376
      0.82  0.0477854          1  0.0912122
      0.83   0.038927          1   0.074937
      0.84  0.0294136          1  0.0571463
      0.85   0.024922          1   0.048632
      0.86   0.019058          1  0.0374032
      0.87  0.0150031          1  0.0295627
      0.88  0.0105427          1  0.0208655
      0.89 0.00948222          1  0.0187863
       0.9 0.00430443          1 0.00857196
      0.91          0          0          0
      0.92          0          0          0
      0.93          0          0          0
      0.94          0          0          0
      0.95          0          0          0
      0.96          0          0          0
      0.97          0          0          0
      0.98          0          0          0
      0.99          0          0          0
