         0          1    0.48887   0.656699
      0.01   0.928585   0.558299   0.697335
      0.02   0.928585   0.558299   0.697335
      0.03   0.928585   0.558544   0.697526
      0.04   0.928585   0.559767   0.698479
      0.05   0.928585   0.561084   0.699504
      0.06   0.928585    0.56534   0.702802
      0.07   0.928365   0.569273   0.705769
      0.08   0.927754   0.575542   0.710387
      0.09   0.926532   0.579822   0.713276
       0.1   0.923525   0.586072   0.717081
      0.11   0.918904   0.594247   0.721746
      0.12   0.916948   0.600359   0.725625
      0.13   0.910933   0.611793    0.73198
      0.14   0.906899   0.620259   0.736679
      0.15   0.893893   0.635412   0.742808
      0.16   0.886045   0.645079     0.7466
      0.17    0.87184   0.661307   0.752118
      0.18   0.858833   0.675779   0.756388
      0.19   0.842648   0.696798   0.762814
       0.2   0.831671   0.708351   0.765074
      0.21   0.808689   0.722263   0.763037
      0.22   0.788152   0.737511   0.761991
      0.23   0.773385   0.745896   0.759392
      0.24   0.744829   0.755432   0.750093
      0.25   0.723094    0.76261   0.742327
      0.26   0.694612   0.770221   0.730465
      0.27   0.667987    0.77603   0.717967
      0.28   0.628649   0.785595   0.698413
      0.29   0.608748   0.792541   0.688591
       0.3   0.576818   0.802208   0.671094
      0.31   0.541416    0.81505   0.650633
      0.32   0.519168   0.821831   0.636344
      0.33   0.479634   0.831589   0.608376
      0.34   0.458853   0.833291    0.59182
      0.35   0.430077   0.840547   0.569012
      0.36   0.400885   0.842836   0.543338
      0.37   0.368808   0.846513   0.513775
      0.38   0.346707   0.845514   0.491764
      0.39   0.319324   0.850122   0.464262
       0.4   0.301086   0.854888   0.445329
      0.41   0.275414   0.861485    0.41739
      0.42   0.248032   0.866365   0.385655
      0.43    0.22593   0.867212    0.35847
      0.44   0.192436   0.867295   0.314983
      0.45   0.176397   0.866878   0.293144
      0.46   0.157376   0.870674   0.266569
      0.47   0.144712   0.873253    0.24828
      0.48   0.124102   0.879433   0.217509
      0.49   0.113295   0.884363   0.200859
       0.5   0.096719   0.895126   0.174575
      0.51  0.0887732   0.916388   0.161866
      0.52  0.0839323   0.923358   0.153877
      0.53   0.072906   0.930283   0.135215
      0.54  0.0697521   0.937947   0.129848
      0.55  0.0625642   0.948571   0.117386
      0.56  0.0577722     0.9653    0.10902
      0.57  0.0515378   0.964912  0.0978493
      0.58  0.0506577   0.963636  0.0962553
      0.59  0.0478216    0.96063  0.0911078
       0.6  0.0460369   0.959184   0.087857
      0.61  0.0446188   0.970085  0.0853137
      0.62  0.0431764   0.972727  0.0826827
      0.63  0.0424185   0.981132  0.0813211
      0.64  0.0392646   0.984375   0.075517
      0.65  0.0359396   0.982353  0.0693422
      0.66  0.0325901   0.993243  0.0631095
      0.67  0.0300474   0.992481  0.0583289
      0.68  0.0247176       0.99   0.048231
      0.69  0.0208547   0.988889   0.040848
       0.7  0.0183365          1  0.0360127
      0.71  0.0162095          1  0.0319018
      0.72  0.0132512          1  0.0261558
      0.73 0.00995061          1  0.0197051
      0.74 0.00951054          1  0.0188419
      0.75 0.00731016          1  0.0145142
      0.76 0.00694343          1  0.0137911
      0.77 0.00628331          1  0.0124882
      0.78  0.0054765          1  0.0108934
      0.79 0.00540316          1  0.0107482
       0.8 0.00481639          1 0.00958661
      0.81 0.00454745          1 0.00905374
      0.82 0.00344726          1 0.00687084
      0.83 0.00293384          1 0.00585052
      0.84 0.00251821          1 0.00502378
      0.85 0.00232262          1 0.00463449
      0.86          0          0          0
      0.87          0          0          0
      0.88          0          0          0
      0.89          0          0          0
       0.9          0          0          0
      0.91          0          0          0
      0.92          0          0          0
      0.93          0          0          0
      0.94          0          0          0
      0.95          0          0          0
      0.96          0          0          0
      0.97          0          0          0
      0.98          0          0          0
      0.99          0          0          0
