         0          1   0.319512   0.484288
      0.01   0.918607   0.301126   0.453569
      0.02   0.918607   0.301126   0.453569
      0.03   0.918607   0.301168   0.453617
      0.04   0.918607   0.301048   0.453481
      0.05   0.918607   0.301083    0.45352
      0.06    0.91797    0.30062   0.452917
      0.07    0.91613   0.300839   0.452941
      0.08   0.913582   0.301628   0.453521
      0.09   0.909902   0.301773   0.453231
       0.1   0.897728   0.302081    0.45205
      0.11   0.883644   0.303637   0.451969
      0.12   0.864605   0.303201    0.44896
      0.13   0.837568    0.30527   0.447455
      0.14   0.816901   0.305699   0.444907
      0.15   0.772525   0.306852   0.439236
      0.16   0.737915   0.308133   0.434733
      0.17   0.677967   0.308865   0.424389
      0.18   0.639465   0.309173    0.41682
      0.19   0.575766   0.310222   0.403201
       0.2   0.533371   0.312659   0.394225
      0.21   0.475759   0.312335   0.377103
      0.22   0.418359   0.313624   0.358499
      0.23   0.384174   0.313095   0.345012
      0.24   0.336188   0.314609   0.325041
      0.25   0.309788   0.317703   0.313696
      0.26   0.261802   0.319644   0.287846
      0.27   0.235544   0.320691   0.271601
      0.28   0.199023   0.326208   0.247217
      0.29   0.179631   0.327412   0.231985
       0.3   0.164201   0.330256   0.219345
      0.31   0.141977    0.32997   0.198532
      0.32   0.129946   0.319493   0.184749
      0.33   0.104891   0.312147   0.157018
      0.34  0.0931418    0.30024   0.142177
      0.35  0.0741029   0.286286   0.117732
      0.36  0.0634157   0.280936   0.103474
      0.37  0.0486234   0.268595  0.0823408
      0.38  0.0396348   0.252351  0.0685094
      0.39  0.0288768   0.233141  0.0513886
       0.4  0.0202421   0.213043  0.0369713
      0.41  0.0174818   0.189744   0.032014
      0.42  0.0138722     0.1843  0.0258022
      0.43  0.0127398   0.156863  0.0235656
      0.44  0.0102626   0.146465  0.0191812
      0.45  0.0087055   0.128049  0.0163026
      0.46 0.00707764   0.101695  0.0132342
      0.47 0.00615755  0.0816327  0.0114513
      0.48 0.00325572  0.0704225  0.0062237
      0.49 0.00212329  0.0350877 0.00400427
       0.5 0.00212329  0.0232558  0.0038913
      0.51          0          0          0
      0.52          0          0          0
      0.53          0          0          0
      0.54          0          0          0
      0.55          0          0          0
      0.56          0          0          0
      0.57          0          0          0
      0.58          0          0          0
      0.59          0          0          0
       0.6          0          0          0
      0.61          0          0          0
      0.62          0          0          0
      0.63          0          0          0
      0.64          0          0          0
      0.65          0          0          0
      0.66          0          0          0
      0.67          0          0          0
      0.68          0          0          0
      0.69          0          0          0
       0.7          0          0          0
      0.71          0          0          0
      0.72          0          0          0
      0.73          0          0          0
      0.74          0          0          0
      0.75          0          0          0
      0.76          0          0          0
      0.77          0          0          0
      0.78          0          0          0
      0.79          0          0          0
       0.8          0          0          0
      0.81          0          0          0
      0.82          0          0          0
      0.83          0          0          0
      0.84          0          0          0
      0.85          0          0          0
      0.86          0          0          0
      0.87          0          0          0
      0.88          0          0          0
      0.89          0          0          0
       0.9          0          0          0
      0.91          0          0          0
      0.92          0          0          0
      0.93          0          0          0
      0.94          0          0          0
      0.95          0          0          0
      0.96          0          0          0
      0.97          0          0          0
      0.98          0          0          0
      0.99          0          0          0
