         0          1   0.354609   0.523559
      0.01   0.951298   0.396337    0.55955
      0.02   0.951298   0.396337    0.55955
      0.03   0.951298   0.396346   0.559559
      0.04   0.951298   0.396541   0.559753
      0.05   0.951298   0.396914   0.560125
      0.06   0.951298   0.397763    0.56097
      0.07   0.951258   0.398607   0.561802
      0.08   0.951218   0.400946   0.564113
      0.09   0.951016   0.402848   0.565958
       0.1   0.950855   0.407272    0.57028
      0.11   0.950453   0.412604   0.575414
      0.12   0.949809   0.416675   0.579241
      0.13   0.948923   0.423003   0.585159
      0.14   0.947273    0.42687    0.58853
      0.15   0.945341   0.435107   0.595929
      0.16   0.942604   0.440952   0.600833
      0.17   0.939626   0.450304   0.608833
      0.18   0.938297   0.456202   0.613916
      0.19   0.931777   0.464478   0.619929
       0.2   0.925096   0.470944   0.624148
      0.21   0.918173   0.481403   0.631636
      0.22   0.907507   0.493765   0.639555
      0.23   0.901429   0.502011   0.644883
      0.24   0.891849   0.514691   0.652704
      0.25   0.886657   0.524979   0.659485
      0.26    0.87897   0.540138   0.669104
      0.27    0.87418   0.549791   0.675037
      0.28   0.862186   0.561366   0.679992
      0.29   0.855102   0.571046   0.684785
       0.3   0.845281   0.584451   0.691074
      0.31   0.833206   0.597144   0.695695
      0.32   0.826323   0.606732   0.699703
      0.33   0.815255   0.617551   0.702763
      0.34   0.804025   0.624199   0.702791
      0.35    0.78716   0.635097      0.703
      0.36   0.776696   0.642528    0.70327
      0.37   0.763333    0.65485   0.704942
      0.38   0.753633   0.662321   0.705033
      0.39   0.738016   0.670882    0.70285
       0.4   0.723767   0.676425   0.699296
      0.41   0.692856   0.680191   0.686465
      0.42   0.670638    0.68453   0.677513
      0.43   0.657195   0.690751   0.673555
      0.44   0.628859   0.696772   0.661076
      0.45   0.613524   0.699581   0.653732
      0.46   0.584786   0.700721   0.637525
      0.47   0.571423   0.703597   0.630659
      0.48   0.538217   0.706299   0.610907
      0.49   0.518978   0.705307   0.597963
       0.5   0.491688   0.701644   0.578197
      0.51   0.464681   0.700529   0.558736
      0.52   0.443188   0.693997   0.540934
      0.53   0.417871   0.686875   0.519622
      0.54   0.395331   0.680171   0.500032
      0.55   0.363131   0.673543   0.471864
      0.56   0.342926   0.665513   0.452624
      0.57   0.306581   0.652557   0.417169
      0.58   0.285611   0.646451   0.396183
      0.59    0.26134   0.636408   0.370525
       0.6   0.240209   0.625657   0.347141
      0.61   0.213202   0.601863   0.314866
      0.62   0.180962   0.572549   0.275005
      0.63   0.163413   0.549075   0.251867
      0.64   0.140149   0.514859   0.220324
      0.65   0.130087   0.491761   0.205746
      0.66   0.110646   0.450732   0.177676
      0.67   0.104045    0.42783   0.167384
      0.68   0.090159   0.382904   0.145952
      0.69  0.0772791   0.353598   0.126838
       0.7  0.0640773   0.300417   0.105625
      0.71  0.0528074   0.263077  0.0879588
      0.72  0.0464882   0.242475  0.0780185
      0.73  0.0333669   0.218861  0.0579056
      0.74  0.0312739    0.20709  0.0543414
      0.75  0.0263232   0.184891  0.0460852
      0.76  0.0229825   0.168724  0.0404545
      0.77  0.0188368   0.151982  0.0335192
      0.78  0.0169853    0.13948  0.0302829
      0.79  0.0124371   0.122449  0.0225807
       0.8  0.0123566   0.116402  0.0223416
      0.81 0.00813041  0.0909091  0.0149259
      0.82 0.00780841  0.0923567  0.0143994
      0.83 0.00740592  0.0814332  0.0135771
      0.84 0.00627893       0.08   0.011644
      0.85 0.00515194  0.0786517 0.00967044
      0.86 0.00515194  0.0843373 0.00971068
      0.87 0.00507144  0.0829694 0.00955862
      0.88 0.00394446  0.0820513 0.00752706
      0.89 0.00334071  0.0804598 0.00641507
       0.9 0.00265647  0.0753425 0.00513199
      0.91 0.00173073      0.075 0.00338338
      0.92 0.00112699  0.0485437 0.00220283
      0.93 0.00108674  0.0340909 0.00210633
      0.94 0.00108674   0.038961  0.0021145
      0.95 0.000563494  0.0344828 0.00110887
      0.96          0          0          0
      0.97          0          0          0
      0.98          0          0          0
      0.99          0          0          0
