         0          1    0.28722   0.446264
      0.01   0.884119   0.377088   0.528685
      0.02   0.884119   0.377131   0.528727
      0.03   0.884119   0.377238   0.528832
      0.04   0.883965   0.377703   0.529262
      0.05   0.883965     0.3783   0.529848
      0.06   0.881617   0.380093   0.531178
      0.07   0.880494   0.382385   0.533207
      0.08   0.877482   0.385617   0.535781
      0.09     0.8759   0.388299   0.538065
       0.1     0.8735   0.392951   0.542055
      0.11   0.870437    0.39817   0.546397
      0.12   0.862065   0.401949   0.548264
      0.13   0.852723   0.407144    0.55114
      0.14   0.845832   0.409971   0.552263
      0.15   0.838174   0.415573   0.555651
      0.16   0.831538   0.418455   0.556741
      0.17   0.821175   0.423441   0.558758
      0.18   0.814641   0.427266   0.560539
      0.19   0.805707   0.432812   0.563124
       0.2   0.799683   0.437051   0.565202
      0.21   0.784777   0.439321   0.563303
      0.22   0.765583   0.438857   0.557905
      0.23   0.753382   0.439431    0.55509
      0.24   0.733064   0.439439   0.549486
      0.25   0.714789   0.439574   0.544374
      0.26   0.695135    0.44061   0.539352
      0.27   0.684159   0.440698   0.536081
      0.28   0.670019   0.446242     0.5357
      0.29   0.654653    0.44655   0.530938
       0.3   0.633825   0.451014   0.527017
      0.31   0.616315    0.45466   0.523288
      0.32   0.599469   0.455996   0.517981
      0.33   0.578488    0.45632   0.510192
      0.34   0.566542   0.459103   0.507196
      0.35   0.540507   0.456234   0.494808
      0.36   0.523559   0.457174    0.48812
      0.37   0.495737   0.457231   0.475706
      0.38   0.479657   0.457069    0.46809
      0.39   0.456276   0.454876   0.455575
       0.4   0.439686   0.454137   0.446794
      0.41   0.409873    0.44897   0.428531
      0.42   0.385931   0.446372   0.413957
      0.43   0.367502    0.44466   0.402416
      0.44    0.33968   0.435867   0.381809
      0.45   0.325489   0.433701   0.371883
      0.46   0.310838   0.429157   0.360538
      0.47   0.294094   0.422038   0.346637
      0.48   0.274491   0.416957   0.331047
      0.49   0.263617   0.409708   0.320814
       0.5   0.237072   0.395556   0.296462
      0.51   0.211598   0.385605   0.273252
      0.52   0.199142   0.382691   0.261965
      0.53   0.184389   0.381818   0.248683
      0.54   0.167492   0.385251   0.233477
      0.55   0.156823   0.389386   0.223594
      0.56   0.150084   0.394969   0.217515
      0.57   0.130022   0.396789   0.195863
      0.58   0.122109   0.398164     0.1869
      0.59   0.107969   0.404608   0.170453
       0.6   0.102864   0.420363   0.165283
      0.61  0.0966869   0.451234   0.159251
      0.62  0.0878044   0.454545   0.147178
      0.63  0.0823932   0.453313   0.139442
      0.64  0.0669764   0.440585   0.116277
      0.65  0.0565624   0.449115   0.100471
      0.66  0.0480882   0.517483  0.0879989
      0.67   0.039512   0.497717  0.0732119
      0.68  0.0234826   0.438272  0.0445767
      0.69  0.0189392   0.366412  0.0360168
       0.7 0.00413497   0.272727 0.00814643
      0.71 0.00398183   0.302326 0.00786013
      0.72 0.00387973   0.366667 0.00767821
      0.73 0.00122518        0.4 0.00244287
      0.74 0.00122518        0.4 0.00244287
      0.75 0.000408392   0.153846 0.000814622
      0.76 0.000408392        0.1 0.000813463
      0.77 0.000408392      0.125 0.000814125
      0.78 0.000408392      0.125 0.000814125
      0.79          0          0          0
       0.8          0          0          0
      0.81          0          0          0
      0.82          0          0          0
      0.83          0          0          0
      0.84          0          0          0
      0.85          0          0          0
      0.86          0          0          0
      0.87          0          0          0
      0.88          0          0          0
      0.89          0          0          0
       0.9          0          0          0
      0.91          0          0          0
      0.92          0          0          0
      0.93          0          0          0
      0.94          0          0          0
      0.95          0          0          0
      0.96          0          0          0
      0.97          0          0          0
      0.98          0          0          0
      0.99          0          0          0
