         0          1   0.295659   0.456384
      0.01    0.99257   0.363775   0.532419
      0.02    0.99257   0.363775   0.532419
      0.03    0.99257   0.363775   0.532419
      0.04    0.99257   0.363791   0.532436
      0.05    0.99257    0.36384   0.532489
      0.06    0.99257   0.363889   0.532541
      0.07    0.99257   0.364133   0.532803
      0.08    0.99257   0.364595   0.533297
      0.09    0.99257   0.364915   0.533639
       0.1   0.992531   0.366025    0.53482
      0.11   0.992531   0.367214   0.536088
      0.12   0.992531   0.368294   0.537238
      0.13   0.992531    0.36997   0.539018
      0.14   0.992531   0.371368   0.540501
      0.15   0.992531    0.37377   0.543041
      0.16   0.992531   0.375348   0.544704
      0.17   0.992453   0.378668    0.54818
      0.18   0.992453    0.38114   0.550765
      0.19   0.992374   0.385786   0.555587
       0.2   0.992374   0.388138   0.558022
      0.21   0.992296   0.392007   0.561997
      0.22   0.992023   0.396549   0.566605
      0.23   0.991084   0.399714   0.569674
      0.24   0.990849   0.405534   0.575519
      0.25   0.989794   0.409293   0.579114
      0.26   0.987916   0.415836   0.585304
      0.27   0.987017   0.420335   0.589587
      0.28    0.98643   0.427616   0.596605
      0.29   0.985727   0.433266   0.601951
       0.3   0.984123   0.442125    0.61014
      0.31   0.981933   0.450995   0.618101
      0.32   0.981308   0.456563   0.623183
      0.33   0.978492   0.465612   0.630976
      0.34   0.975285   0.472241   0.636354
      0.35   0.970906    0.48283   0.644935
      0.36   0.966174   0.489474   0.649768
      0.37    0.96109   0.500329   0.658074
      0.38   0.959252   0.508431   0.664604
      0.39   0.955811   0.519325   0.672991
       0.4   0.952018   0.525344   0.677068
      0.41   0.947755   0.533503   0.682704
      0.42    0.94361   0.542569    0.68898
      0.43   0.940286   0.548541   0.692875
      0.44   0.932622   0.556457   0.697027
      0.45   0.928476   0.562737   0.700756
      0.46   0.923158   0.573333   0.707358
      0.47     0.9196   0.577538   0.709492
      0.48   0.910253   0.587601   0.714176
      0.49   0.905326   0.593107   0.716689
       0.5   0.893555   0.600866   0.718548
      0.51   0.881198   0.610697   0.721425
      0.52   0.876388   0.616399   0.723753
      0.53   0.863483   0.626723   0.726295
      0.54   0.857031   0.632329    0.72773
      0.55    0.84483   0.640923   0.728884
      0.56   0.837361   0.646593   0.729715
      0.57   0.827663   0.656005   0.731904
      0.58   0.823401   0.661575    0.73367
      0.59   0.812647   0.670838   0.734965
       0.6   0.809909   0.676151    0.73701
      0.61   0.800602   0.684946   0.738272
      0.62    0.78844     0.6932   0.737759
      0.63   0.782809   0.698909   0.738484
      0.64   0.765447   0.704104   0.733495
      0.65   0.758329   0.707051   0.731793
      0.66   0.744877   0.712702   0.728435
      0.67   0.740106   0.718546   0.729167
      0.68    0.72642   0.722684   0.724547
      0.69   0.720084   0.727938    0.72399
       0.7   0.703934   0.731677   0.717538
      0.71   0.690052   0.736909   0.712711
      0.72   0.683286    0.74062   0.710799
      0.73   0.668935   0.744061   0.704501
      0.74   0.662913   0.748163   0.702963
      0.75    0.65036    0.75107   0.697096
      0.76   0.641092   0.753955   0.692958
      0.77   0.629126   0.757423   0.687339
      0.78    0.62107   0.761032   0.683964
      0.79   0.610824   0.763564   0.678707
       0.8    0.60097     0.7639    0.67271
      0.81   0.590411    0.76606   0.666863
      0.82   0.574965   0.766755   0.657152
      0.83   0.569959   0.767695   0.654212
      0.84    0.55158   0.767734    0.64195
      0.85   0.545831   0.769527   0.638658
      0.86   0.535468    0.77059   0.631866
      0.87   0.529759    0.77136   0.628129
      0.88   0.516581   0.767616   0.617562
      0.89   0.507938   0.766618   0.611028
       0.9   0.490224   0.761268   0.596395
      0.91   0.478609   0.757289    0.58653
      0.92    0.47157    0.75716   0.581176
      0.93   0.452917    0.75317    0.56567
      0.94   0.443571   0.751745   0.557932
      0.95   0.424761   0.749086    0.54212
      0.96     0.4117   0.745429   0.530439
      0.97   0.398326   0.742801    0.51857
      0.98   0.385578    0.74003   0.506996
      0.99   0.376662   0.739704   0.499152
