         0          1   0.296598   0.457502
      0.01   0.974323   0.537383   0.692707
      0.02   0.974323   0.537383   0.692707
      0.03   0.974323   0.537383   0.692707
      0.04   0.974323   0.537454   0.692766
      0.05   0.974323   0.537524   0.692824
      0.06   0.974323    0.53812   0.693319
      0.07   0.974323   0.538547   0.693673
      0.08   0.974323    0.53958   0.694529
      0.09   0.974323   0.540784   0.695526
       0.1   0.974323   0.542957   0.697321
      0.11   0.974323   0.545172   0.699145
      0.12   0.974283   0.547432    0.70099
      0.13   0.974164   0.552419   0.705035
      0.14   0.974164   0.555413   0.707468
      0.15   0.973965   0.560847   0.711807
      0.16   0.973726   0.565007   0.715084
      0.17   0.973686    0.57183   0.720514
      0.18   0.973487   0.576582   0.724219
      0.19   0.973089   0.585329   0.730968
       0.2    0.97289   0.590105   0.734625
      0.21   0.972492    0.59837    0.74088
      0.22   0.972373   0.605825   0.746532
      0.23   0.972014   0.611421   0.750659
      0.24   0.970462   0.620263   0.756814
      0.25   0.970143   0.627635   0.762178
      0.26   0.967675    0.63693   0.768216
      0.27   0.964212   0.642863   0.771409
      0.28   0.962182   0.652761   0.777829
      0.29   0.960828   0.658595   0.781509
       0.3   0.956131   0.668893   0.787126
      0.31   0.949721   0.677474   0.790823
      0.32   0.946059   0.683932   0.793918
      0.33   0.943113   0.695116   0.800343
      0.34   0.940525   0.703938   0.805213
      0.35   0.933201   0.715525   0.809994
      0.36   0.928981   0.723281   0.813327
      0.37   0.917476   0.734242   0.815695
      0.38   0.911545   0.740572   0.817212
      0.39   0.900159    0.74827   0.817217
       0.4   0.890167   0.754417   0.816689
      0.41   0.878742    0.76248   0.816493
      0.42   0.867874   0.770729   0.816422
      0.43   0.859554   0.779654   0.817657
      0.44   0.841401   0.789235   0.814484
      0.45    0.83133   0.793799   0.812131
      0.46   0.816083   0.803807   0.809899
      0.47   0.807564   0.809269   0.808416
      0.48   0.798248   0.818259    0.80813
      0.49   0.790565   0.823684   0.806785
       0.5   0.776433   0.831004   0.802792
      0.51   0.761346   0.837666   0.797684
      0.52   0.744228   0.842305   0.790235
      0.53   0.731489    0.85197   0.787146
      0.54   0.719546    0.85837   0.782851
      0.55   0.697174   0.863762   0.771578
      0.56   0.683718   0.866619    0.76438
      0.57   0.666441   0.867746   0.753887
      0.58   0.653981   0.869008   0.746315
      0.59   0.638615   0.875702   0.738599
       0.6   0.632643   0.880782    0.73637
      0.61   0.622572   0.886651   0.731508
      0.62   0.607444   0.892749   0.722967
      0.63   0.601234   0.895963   0.719589
      0.64   0.590406   0.896407   0.711917
      0.65   0.583002   0.899235   0.707384
      0.66   0.573248   0.899793   0.700327
      0.67   0.567038   0.902837    0.69658
      0.68   0.553583   0.905681   0.687154
      0.69   0.544188   0.907154   0.680284
       0.7    0.52918   0.910389   0.669311
      0.71   0.518193   0.913714   0.661328
      0.72   0.505693   0.913808   0.651082
      0.73    0.48129   0.914826   0.630745
      0.74   0.465247   0.917168   0.617339
      0.75   0.446377   0.918112     0.6007
      0.76   0.440247   0.919783   0.595475
      0.77   0.421417   0.924383   0.578913
      0.78   0.405494   0.927244   0.564239
      0.79   0.393312   0.929243   0.552691
       0.8   0.384475   0.932232   0.544418
      0.81   0.374801   0.937426   0.535499
      0.82   0.364331   0.941646   0.525386
      0.83   0.356967   0.941509   0.517664
      0.84   0.346656   0.944262   0.507134
      0.85    0.33754   0.944183   0.497298
      0.86   0.322811   0.945032   0.481237
      0.87   0.308798   0.944526    0.46543
      0.88   0.301553   0.945865    0.45731
      0.89   0.296258   0.946923   0.451316
       0.9   0.287779   0.947158   0.441435
      0.91   0.276752   0.947804   0.428411
      0.92   0.269626   0.947908   0.419833
      0.93   0.260589   0.949468   0.408941
      0.94   0.258957   0.952338   0.407192
      0.95   0.252508   0.953227   0.399254
      0.96   0.247651    0.95389   0.393215
      0.97   0.240924   0.957043   0.384943
      0.98   0.237261   0.955943   0.380166
      0.99   0.229697   0.959703   0.370676
