         0          1   0.168956   0.289072
      0.01   0.953069   0.277121    0.42939
      0.02   0.953069   0.277121    0.42939
      0.03   0.953069   0.277121    0.42939
      0.04   0.953069   0.277121    0.42939
      0.05   0.953069    0.27714   0.429413
      0.06   0.953069   0.277237   0.429529
      0.07   0.953069   0.277334   0.429646
      0.08   0.953069   0.277517   0.429865
      0.09   0.953069   0.277712   0.430098
       0.1   0.953069   0.278098   0.430561
      0.11   0.952987   0.277935   0.430357
      0.12   0.952987   0.278147   0.430612
      0.13   0.952248   0.278956   0.431504
      0.14   0.952002   0.280037   0.432772
      0.15   0.951592   0.281151   0.434058
      0.16   0.951264   0.282332    0.43543
      0.17   0.951099   0.284108   0.437521
      0.18   0.950853   0.285672   0.439347
      0.19   0.950525   0.288881   0.443097
       0.2   0.950361   0.290468   0.444943
      0.21   0.948064    0.29324   0.447933
      0.22   0.940269   0.295317   0.449467
      0.23   0.937726   0.297776   0.452015
      0.24   0.931654   0.300478   0.454402
      0.25   0.927223   0.302563   0.456248
      0.26   0.922301   0.306524   0.460126
      0.27   0.919839   0.309304    0.46294
      0.28   0.911798   0.312854   0.465862
      0.29   0.898096   0.313601   0.464875
       0.3   0.886446   0.317179   0.467192
      0.31   0.876436   0.321282     0.4702
      0.32   0.867329   0.324308   0.472093
      0.33    0.85658   0.329535   0.475962
      0.34    0.85215   0.332252   0.478095
      0.35   0.846899   0.338218   0.483389
      0.36   0.843535   0.342323   0.487008
      0.37   0.836068   0.348827   0.492268
      0.38    0.82934   0.352948   0.495165
      0.39   0.819577   0.359269   0.499554
       0.4   0.808418   0.362938   0.500968
      0.41    0.79406   0.368225   0.503134
      0.42   0.781096   0.374501   0.506269
      0.43   0.778799    0.38003   0.510804
      0.44   0.771086   0.385465   0.513988
      0.45    0.76403   0.389586   0.516039
      0.46   0.753282   0.395716   0.518862
      0.47   0.748195   0.398723   0.520216
      0.48   0.740564   0.404882   0.523536
      0.49   0.732196   0.407086   0.523253
       0.5   0.723252   0.411477   0.524534
      0.51   0.713981   0.416045   0.525737
      0.52   0.700197   0.419725   0.524841
      0.53   0.686495   0.425582   0.525431
      0.54   0.670003   0.430612   0.524273
      0.55   0.659091   0.439949   0.527672
      0.56   0.652281    0.44631   0.529987
      0.57   0.643912   0.453958   0.532502
      0.58   0.638825   0.459724   0.534674
      0.59   0.630046   0.469077   0.537775
       0.6   0.616344   0.471549   0.534311
      0.61   0.610765   0.477525   0.535989
      0.62   0.600016   0.482266   0.534735
      0.63   0.584181   0.484326   0.529588
      0.64   0.576387    0.49163   0.530645
      0.65   0.572694   0.499848   0.533797
      0.66   0.566131   0.507977    0.53548
      0.67   0.558664   0.513283   0.535013
      0.68   0.548983   0.519672   0.533925
      0.69   0.542583    0.52319    0.53271
       0.7    0.53446   0.527666   0.531041
      0.71   0.523138   0.533689    0.52836
      0.72   0.519199   0.539396   0.529105
      0.73   0.514112   0.545232   0.529215
      0.74   0.507548   0.548806   0.527372
      0.75   0.500574   0.551694   0.524893
      0.76   0.494913   0.555855   0.523617
      0.77   0.480883   0.560941   0.517836
      0.78   0.470627   0.562165   0.512339
      0.79   0.463489   0.567788   0.510364
       0.8   0.456597   0.574045   0.508629
      0.81   0.448228    0.57949   0.505476
      0.82    0.44109   0.583099   0.502249
      0.83   0.433377   0.588372   0.499119
      0.84   0.423449   0.595166   0.494834
      0.85   0.416968   0.598131   0.491383
      0.86   0.413439   0.603883   0.490836
      0.87   0.407532   0.606809   0.487596
      0.88   0.401789   0.612903   0.485384
      0.89   0.394897   0.618076   0.481901
       0.9   0.379964   0.619892   0.471141
      0.91   0.366508    0.62459   0.461947
      0.92   0.362324   0.625106   0.458748
      0.93   0.353462   0.628781   0.452536
      0.94    0.33213   0.626214    0.43405
      0.95   0.312685   0.628364   0.417576
      0.96   0.301772    0.62975   0.408023
      0.97   0.293649   0.630857   0.400756
      0.98   0.278553   0.630881   0.386468
      0.99   0.269445   0.631443   0.377715
