         0          1   0.337394   0.504555
      0.01   0.901887   0.385468   0.540097
      0.02   0.901887   0.385468   0.540097
      0.03   0.901887   0.385468   0.540097
      0.04   0.901887   0.385506   0.540134
      0.05   0.901887   0.385494   0.540123
      0.06   0.901887   0.385608   0.540235
      0.07   0.901887   0.385702   0.540327
      0.08   0.901887   0.385972   0.540592
      0.09   0.901887    0.38606   0.540678
       0.1   0.901844   0.386451   0.541054
      0.11   0.901844   0.387058   0.541649
      0.12   0.901844   0.387733   0.542309
      0.13   0.901844   0.389078   0.543624
      0.14   0.901759    0.38991   0.544419
      0.15   0.901117   0.391837   0.546177
      0.16   0.900561   0.393521   0.547708
      0.17   0.900218   0.396727   0.550742
      0.18   0.899234   0.398444   0.552208
      0.19   0.898378   0.402234   0.555674
       0.2    0.89748   0.404307   0.557476
      0.21   0.895683   0.407746   0.560385
      0.22   0.893244   0.412793   0.564647
      0.23   0.892602   0.416005   0.567514
      0.24   0.886954   0.420646   0.570654
      0.25   0.884301   0.423932   0.573114
      0.26    0.87968   0.429868   0.577522
      0.27   0.875102   0.433292   0.579603
      0.28   0.863634   0.437285   0.580596
      0.29   0.856147   0.441018   0.582156
       0.3   0.847375    0.44762   0.585797
      0.31   0.836892   0.453037   0.587851
      0.32   0.827265   0.457764   0.589391
      0.33   0.812631   0.464172   0.590852
      0.34   0.802833   0.468382   0.591611
      0.35    0.78914   0.475062   0.593086
      0.36   0.770228   0.478504    0.59029
      0.37   0.748406   0.483313   0.587333
      0.38   0.733687    0.48994   0.587536
      0.39   0.716101   0.498575   0.587861
       0.4   0.705361   0.504556   0.588295
      0.41   0.688931   0.513445   0.588382
      0.42   0.673185   0.521186   0.587513
      0.43   0.664199    0.52583    0.58697
      0.44   0.650336   0.533956   0.586428
      0.45   0.639724   0.538995   0.585056
      0.46   0.621796   0.548254   0.582714
      0.47   0.610971    0.55231   0.580161
      0.48   0.598862   0.560202   0.578887
      0.49    0.59146   0.565468   0.578172
       0.5   0.575756   0.572799   0.574274
      0.51   0.555817   0.581592   0.568413
      0.52   0.543237   0.583931    0.56285
      0.53    0.53023   0.591713   0.559287
      0.54   0.520089   0.596111   0.555511
      0.55   0.506568   0.603428   0.550772
      0.56   0.498567    0.60896   0.548262
      0.57   0.485645   0.618962   0.544258
      0.58   0.478884   0.621658    0.54101
      0.59   0.466219   0.631339   0.536358
       0.6   0.454409   0.634335   0.529505
      0.61   0.433957   0.643726   0.518426
      0.62   0.415643   0.653912   0.508238
      0.63   0.410979   0.661484   0.506975
      0.64   0.398443   0.678449   0.502043
      0.65   0.384921   0.688623   0.493814
      0.66   0.369518   0.705832   0.485084
      0.67   0.362843   0.715752   0.481563
      0.68   0.356553   0.733906   0.479938
      0.69   0.351204   0.741089   0.476564
       0.7   0.344444   0.747762   0.471637
      0.71    0.33426   0.754089   0.463201
      0.72   0.322066   0.758274   0.452106
      0.73   0.312824   0.766771    0.44436
      0.74   0.308074   0.774593   0.440823
      0.75   0.294767   0.785319   0.428644
      0.76   0.284797   0.791667   0.418899
      0.77   0.276154   0.795163   0.409939
      0.78   0.271704   0.800156   0.405661
      0.79   0.260879   0.805921   0.394165
       0.8   0.258825   0.812075    0.39254
      0.81   0.250267   0.817694   0.383239
      0.82   0.240212   0.816729   0.371238
      0.83   0.234222   0.819688   0.364336
      0.84   0.222027   0.818087   0.349265
      0.85   0.211673   0.812432   0.335844
      0.86   0.201917   0.817654   0.323858
      0.87   0.190193   0.815951   0.308481
      0.88    0.16713   0.811295   0.277164
      0.89   0.154936   0.806213    0.25992
       0.9   0.143811   0.813205   0.244401
      0.91    0.13598   0.817052   0.233157
      0.92   0.129905   0.818526   0.224224
      0.93   0.116555   0.817992   0.204036
      0.94   0.112575   0.818985   0.197942
      0.95   0.105601   0.823389   0.187194
      0.96    0.09914   0.820253   0.176899
      0.97  0.0928501   0.825485   0.166925
      0.98  0.0884002   0.828313   0.159751
      0.99  0.0820247   0.821549   0.149157
