         0          1   0.223995   0.366006
      0.01   0.953311   0.270067   0.420897
      0.02   0.953311   0.270067   0.420897
      0.03   0.953311   0.270067   0.420897
      0.04   0.953311   0.270067   0.420897
      0.05   0.953311   0.270079   0.420911
      0.06   0.953311   0.270127    0.42097
      0.07   0.953311   0.270203   0.421062
      0.08   0.953311   0.270335   0.421222
      0.09   0.953311   0.270447   0.421358
       0.1   0.953247   0.270687   0.421643
      0.11   0.953247   0.271065   0.422102
      0.12   0.953247   0.271372   0.422473
      0.13   0.953247    0.27178   0.422968
      0.14   0.953247    0.27231   0.423609
      0.15   0.953247   0.273048   0.424502
      0.16   0.953247   0.273827   0.425443
      0.17   0.953118   0.274774   0.426572
      0.18   0.953053    0.27531   0.427211
      0.19   0.953053   0.277153   0.429426
       0.2   0.952924   0.278393     0.4309
      0.21    0.95286   0.280034   0.432857
      0.22   0.952796   0.281964   0.435152
      0.23   0.952602   0.283693   0.437188
      0.24   0.952215   0.285878   0.439737
      0.25   0.952086   0.287238    0.44133
      0.26   0.951312   0.289771    0.44423
      0.27   0.950281   0.291739   0.446424
      0.28   0.949571   0.295253   0.450448
      0.29   0.946927   0.298238    0.45361
       0.3   0.945444   0.302248    0.45806
      0.31     0.9428   0.306254   0.462327
      0.32   0.937641   0.308593   0.464358
      0.33   0.933707   0.312317   0.468069
      0.34   0.931837   0.316121   0.472088
      0.35   0.928613   0.320892   0.476964
      0.36   0.926485   0.324285   0.480416
      0.37   0.922616   0.330267   0.486414
      0.38   0.918875   0.333921   0.489835
      0.39    0.91133   0.339819   0.495045
       0.4    0.90443   0.342653   0.497008
      0.41   0.897401   0.347628   0.501132
      0.42   0.886696   0.353259   0.505233
      0.43   0.881537   0.356195   0.507379
      0.44   0.871413   0.362034   0.511544
      0.45    0.86174   0.365829   0.513616
      0.46   0.852196   0.372555   0.518456
      0.47   0.841104    0.37627   0.519942
      0.48   0.824273   0.383181    0.52316
      0.49   0.819307   0.388348   0.526933
       0.5   0.805507   0.393657   0.528858
      0.51    0.79074   0.400303   0.531527
      0.52   0.780099   0.404266   0.532551
      0.53   0.761011   0.411981   0.534568
      0.54   0.751467   0.417796   0.537022
      0.55   0.740504   0.425828   0.540716
      0.56   0.732056   0.430552   0.542209
      0.57   0.721932   0.440647   0.547261
      0.58    0.71529   0.447247   0.550368
      0.59   0.702973   0.452341   0.550471
       0.6   0.692784   0.457029   0.550737
      0.61   0.676017   0.465796   0.551555
      0.62   0.665248    0.47453   0.553933
      0.63   0.653769   0.481981   0.554883
      0.64   0.638744   0.490909   0.555153
      0.65   0.627201   0.495278   0.553487
      0.66   0.607726   0.502666   0.550226
      0.67    0.59644   0.508032   0.548698
      0.68    0.57819   0.517294   0.546049
      0.69   0.570774   0.525508   0.547206
       0.7   0.562133   0.533714   0.547555
      0.71   0.556007   0.543003   0.549428
      0.72   0.545818   0.545269   0.545543
      0.73   0.536661   0.555081   0.545715
      0.74   0.530535   0.558372   0.544098
      0.75    0.52228   0.565118   0.542855
      0.76    0.51912   0.570946   0.543801
      0.77   0.512543   0.577031   0.542878
      0.78    0.50906   0.581329     0.5428
      0.79   0.494615   0.586155   0.536509
       0.8   0.486168   0.590997   0.533481
      0.81   0.479783   0.597576    0.53224
      0.82   0.469014   0.604035    0.52803
      0.83   0.465725    0.60877   0.527726
      0.84   0.447798   0.609932   0.516439
      0.85   0.434255   0.610384   0.507472
      0.86   0.421036   0.611622   0.498742
      0.87   0.412975   0.611167   0.492894
      0.88   0.400787    0.61292   0.484657
      0.89   0.395047   0.614854    0.48103
       0.9   0.385052   0.618812   0.474715
      0.91   0.380344   0.621065   0.471772
      0.92   0.367963   0.621462   0.462238
      0.93   0.359451   0.619876   0.455037
      0.94   0.346747   0.618217   0.444296
      0.95   0.331463   0.614704   0.430689
      0.96   0.326691   0.613493   0.426348
      0.97   0.320178   0.617193    0.42163
      0.98   0.312697   0.615152   0.414629
      0.99   0.302509   0.616626   0.405892
