         0          1   0.193017   0.323578
      0.01   0.936594   0.260743   0.407922
      0.02   0.936594   0.260743   0.407922
      0.03   0.936594   0.260743   0.407922
      0.04   0.936594   0.260803   0.407996
      0.05   0.936594   0.260983   0.408216
      0.06   0.936594   0.261692   0.409083
      0.07   0.936594    0.26248   0.410045
      0.08   0.936594   0.263955   0.411842
      0.09   0.936594   0.265604   0.413847
       0.1   0.936594   0.268723   0.417623
      0.11   0.936594   0.272508   0.422181
      0.12   0.936594   0.275599    0.42588
      0.13   0.936594    0.28111    0.43243
      0.14   0.936594   0.284862   0.436855
      0.15   0.936594   0.291555   0.444684
      0.16   0.936594   0.295484   0.449239
      0.17   0.936472   0.302367   0.457135
      0.18   0.936472   0.307601   0.463091
      0.19    0.93623   0.315834   0.472329
       0.2    0.93623   0.321381   0.478504
      0.21   0.936048   0.329631   0.487565
      0.22   0.934167   0.337591   0.495953
      0.23   0.934167   0.343597   0.502404
      0.24   0.933742   0.354203   0.513584
      0.25   0.932953   0.361293   0.520874
      0.26   0.931072   0.371284   0.530872
      0.27   0.929919   0.379052   0.538573
      0.28   0.920272   0.389665   0.547504
      0.29   0.918512   0.398497   0.555842
       0.3   0.912202   0.409097   0.564867
      0.31   0.907712   0.420572   0.574815
      0.32   0.904799   0.426102   0.579362
      0.33    0.89588   0.434241   0.584951
      0.34   0.881439   0.440951   0.587832
      0.35   0.879255   0.451734   0.596834
      0.36   0.873005   0.458684   0.601392
      0.37   0.864571   0.466067   0.605647
      0.38   0.854924   0.472276   0.608439
      0.39   0.841939   0.478881   0.610513
       0.4   0.838845    0.48261   0.612711
      0.41   0.825678   0.490752   0.615609
      0.42   0.812754   0.498039   0.617616
      0.43   0.792488    0.50085   0.613788
      0.44   0.767854   0.503557   0.608235
      0.45   0.755294    0.50872   0.607957
      0.46   0.736545   0.514493   0.605812
      0.47   0.724774   0.516949    0.60347
      0.48   0.712821   0.522341   0.602894
      0.49   0.705297   0.527502   0.603579
       0.5   0.691645   0.533128   0.602129
      0.51   0.686548   0.539861   0.604432
      0.52   0.678539   0.543414   0.603505
      0.53   0.669559   0.546683   0.601914
      0.54   0.661186   0.546738    0.59854
      0.55   0.649597    0.54925   0.595224
      0.56   0.641951   0.549866   0.592351
      0.57   0.622292   0.551593   0.584814
      0.58   0.610643   0.552557   0.580149
      0.59   0.590255   0.558466   0.573921
       0.6    0.58255   0.562642   0.572423
      0.61   0.564832   0.567251   0.566039
      0.62   0.557854   0.568972   0.563359
      0.63   0.550027   0.570497   0.560075
      0.64   0.541047   0.568792   0.554573
      0.65   0.537285   0.571062   0.553659
      0.66   0.528366   0.573068    0.54981
      0.67   0.519265   0.576087   0.546202
      0.68   0.507554   0.575047   0.539197
      0.69   0.501001   0.577404   0.536496
       0.7   0.487228   0.578032    0.52876
      0.71   0.473212   0.577892   0.520339
      0.72   0.462533   0.576316   0.513193
      0.73   0.446696   0.572523   0.501843
      0.74   0.437959   0.570552   0.495539
      0.75   0.428979   0.575145   0.491423
      0.76   0.425217   0.577515     0.4898
      0.77   0.416904   0.585821   0.487135
      0.78   0.410473   0.589974    0.48412
      0.79   0.404405   0.596785   0.482112
       0.8   0.399612   0.596022   0.478444
      0.81   0.380984    0.58912   0.462724
      0.82   0.366604   0.590841   0.452464
      0.83   0.357503    0.58589   0.444051
      0.84   0.344397   0.587302   0.434185
      0.85   0.336751   0.585726    0.42764
      0.86   0.326437   0.585971   0.419291
      0.87   0.319459   0.581659   0.412412
      0.88   0.302287   0.577899   0.396942
      0.89   0.297676   0.577348   0.392818
       0.9   0.295128    0.57845   0.390845
      0.91   0.286997   0.582353   0.384502
      0.92   0.284995   0.593718   0.385124
      0.93   0.277289   0.591815   0.377639
      0.94   0.273102    0.59164   0.373703
      0.95   0.262241   0.587583   0.362636
      0.96   0.255446    0.59289   0.357055
      0.97   0.249378   0.601432   0.352567
      0.98   0.247133   0.605359   0.350981
      0.99   0.241126   0.597744   0.343633
