         0          1   0.282356    0.44037
      0.01   0.891836   0.343472   0.495943
      0.02   0.891836   0.343472   0.495943
      0.03   0.891836   0.343472   0.495943
      0.04   0.891836   0.343488   0.495959
      0.05   0.891836    0.34352   0.495993
      0.06   0.891836    0.34368   0.496159
      0.07   0.891836   0.344032   0.496526
      0.08   0.891836    0.34482   0.497345
      0.09   0.891836   0.345562   0.498117
       0.1   0.891836   0.346864   0.499468
      0.11   0.891836   0.348858   0.501532
      0.12   0.891836   0.349903   0.502611
      0.13   0.891836   0.352395   0.505177
      0.14    0.89161   0.354551   0.507352
      0.15   0.890991   0.358054   0.510827
      0.16   0.889865    0.36047   0.513094
      0.17   0.888232   0.363809   0.516192
      0.18   0.888176   0.367077   0.519463
      0.19   0.887387   0.371751   0.523989
       0.2   0.884854   0.374744   0.526507
      0.21   0.884234   0.378722    0.53031
      0.22   0.881194   0.383011   0.533944
      0.23   0.877759    0.38542   0.535642
      0.24   0.873874   0.390031   0.539341
      0.25   0.872297   0.392742   0.541624
      0.26   0.866667   0.395762   0.543387
      0.27    0.85884   0.398193   0.544113
      0.28   0.854505   0.401779   0.546568
      0.29   0.853041   0.406303   0.550434
       0.3   0.845495   0.410921   0.553052
      0.31   0.837782   0.416778    0.55664
      0.32   0.833446   0.420148   0.558667
      0.33   0.819595   0.424172   0.559026
      0.34   0.809403   0.426465   0.558607
      0.35   0.801126   0.431185   0.560627
      0.36   0.789077   0.432781    0.55898
      0.37   0.777196   0.437056   0.559486
      0.38   0.766836   0.439158    0.55848
      0.39   0.749887   0.442463   0.556544
       0.4   0.740653   0.444876   0.555868
      0.41   0.721396   0.449607   0.553961
      0.42   0.702759   0.453392   0.551183
      0.43   0.690203   0.456295   0.549388
      0.44   0.670608   0.460018   0.545701
      0.45   0.658108   0.463127   0.543664
      0.46   0.643863   0.466006   0.540684
      0.47   0.631137   0.468406    0.53773
      0.48   0.616892   0.474096   0.536149
      0.49   0.609347   0.477054   0.535146
       0.5   0.591892   0.480106    0.53017
      0.51   0.568018   0.482502    0.52178
      0.52    0.55625   0.487291   0.519492
      0.53   0.539696   0.492313   0.514917
      0.54   0.526577   0.495827   0.510739
      0.55   0.506532   0.501038    0.50377
      0.56   0.493131   0.504315    0.49866
      0.57    0.47089   0.507252   0.488395
      0.58   0.453322   0.510464   0.480199
      0.59   0.437556   0.514662   0.472988
       0.6   0.425845   0.516867   0.466962
      0.61   0.409966   0.523524   0.459838
      0.62   0.395383   0.530384    0.45304
      0.63   0.387331   0.534526   0.449177
      0.64   0.367511   0.538826   0.436978
      0.65   0.358784   0.541846    0.43171
      0.66   0.346059   0.543358   0.422825
      0.67   0.336036   0.542993   0.415152
      0.68    0.32652   0.542949   0.407798
      0.69   0.316779   0.545826   0.400893
       0.7   0.306757   0.548438   0.393447
      0.71   0.296171   0.549832   0.384974
      0.72   0.291273   0.552426   0.381431
      0.73    0.27545    0.55391   0.367934
      0.74   0.266892    0.55428   0.360297
      0.75   0.260248   0.558316   0.355013
      0.76   0.252196   0.558964   0.347572
      0.77   0.239865   0.560921   0.336033
      0.78   0.234403   0.562573   0.330923
      0.79   0.228829   0.565003   0.325734
       0.8   0.221734   0.566559   0.318728
      0.81   0.215653   0.572203   0.313249
      0.82   0.204561   0.572985   0.301488
      0.83   0.197691   0.578506   0.294682
      0.84   0.186205   0.588762   0.282929
      0.85   0.179505   0.591924   0.275471
      0.86   0.169426   0.597617   0.264005
      0.87   0.165991   0.605566    0.26056
      0.88   0.155236   0.601643   0.246795
      0.89   0.152083   0.607527   0.243269
       0.9   0.139189   0.618992   0.227273
      0.91   0.132038   0.620988   0.217772
      0.92   0.124381   0.625493     0.2075
      0.93   0.116892   0.636236   0.197499
      0.94    0.11357   0.644217   0.193098
      0.95    0.11098   0.657813   0.189918
      0.96   0.108277    0.65798   0.185954
      0.97    0.10152   0.663176   0.176085
      0.98   0.100394   0.675676   0.174814
      0.99  0.0981982   0.685328   0.171782
