         0          1   0.150167   0.261123
      0.01   0.863839   0.166429   0.279088
      0.02   0.863839   0.166429   0.279088
      0.03   0.863839   0.166429   0.279088
      0.04   0.863839   0.166454   0.279123
      0.05   0.863839   0.166527   0.279226
      0.06   0.863839   0.166708    0.27948
      0.07   0.863839   0.166872   0.279711
      0.08   0.863839   0.167128    0.28007
      0.09   0.863839   0.167551   0.280664
       0.1   0.863839   0.168139   0.281488
      0.11   0.863839   0.168819   0.282441
      0.12   0.863839   0.169449   0.283322
      0.13   0.862416   0.170217   0.284318
      0.14   0.862416   0.170852   0.285203
      0.15   0.862226   0.172004   0.286795
      0.16   0.861752   0.172867   0.287968
      0.17   0.861562   0.174345   0.290005
      0.18   0.860328   0.175058    0.29092
      0.19   0.855679   0.176027   0.291988
       0.2    0.85492    0.17709   0.293403
      0.21    0.85454   0.178417   0.295201
      0.22   0.853212   0.179203   0.296195
      0.23   0.852358   0.180838   0.298373
      0.24   0.851504   0.182833   0.301029
      0.25    0.85046   0.183944   0.302468
      0.26   0.847519   0.185893   0.304908
      0.27    0.84638    0.18703   0.306361
      0.28   0.841351   0.187801   0.307062
      0.29   0.836607   0.188089   0.307128
       0.3   0.831388   0.189533   0.308693
      0.31   0.818673   0.190697   0.309339
      0.32     0.8089   0.191981   0.310314
      0.33   0.797134   0.194535   0.312747
      0.34   0.788785   0.197021   0.315289
      0.35   0.781099   0.200632   0.319259
      0.36   0.774647    0.20306   0.321773
      0.37   0.756144    0.20701   0.325035
      0.38   0.749122   0.209232   0.327103
      0.39   0.738116   0.213689   0.331428
       0.4   0.731189     0.2161   0.333605
      0.41   0.716577    0.22001   0.336657
      0.42   0.709745   0.225232   0.341949
      0.43   0.705949   0.228636   0.345405
      0.44   0.699972   0.233288   0.349946
      0.45   0.691147   0.235056   0.350804
      0.46   0.677863   0.236975   0.351181
      0.47   0.666287   0.237351   0.350016
      0.48   0.648923   0.238914   0.349246
      0.49   0.633646   0.239305   0.347407
       0.5   0.613341   0.241466   0.346513
      0.51   0.596072   0.244188   0.346449
      0.52   0.578613   0.243426   0.342683
      0.53   0.557358   0.245584   0.340942
      0.54   0.542841   0.245307   0.337913
      0.55   0.530506   0.247531   0.337559
      0.56   0.520163   0.249139    0.33691
      0.57   0.507164   0.252298   0.336966
      0.58   0.500617    0.25344   0.336517
      0.59   0.480311    0.25529   0.333383
       0.6   0.475472    0.25768   0.334227
      0.61   0.459911   0.261702   0.333585
      0.62   0.442167   0.262828   0.329687
      0.63   0.434387   0.262584   0.327311
      0.64   0.418256   0.263556   0.323356
      0.65   0.407629    0.26458   0.320883
      0.66    0.39871    0.26977   0.321804
      0.67   0.391403   0.272554   0.321341
      0.68   0.379827   0.275449   0.319325
      0.69    0.37385   0.278039   0.318903
       0.7   0.363507   0.281126   0.317052
      0.71   0.355347   0.284808   0.316191
      0.72   0.346522   0.285434   0.313026
      0.73   0.337888   0.287653   0.310753
      0.74   0.329158   0.289464   0.308038
      0.75   0.316064     0.2891   0.301981
      0.76   0.309422    0.28781   0.298225
      0.77   0.301357   0.286785    0.29389
      0.78   0.294715   0.287464   0.291044
      0.79   0.288737   0.286818   0.287775
       0.8   0.280102   0.287186     0.2836
      0.81   0.265395   0.287329   0.275927
      0.82    0.26103   0.289252   0.274418
      0.83   0.253534   0.291624   0.271249
      0.84   0.248411   0.293298   0.268994
      0.85   0.242812      0.295   0.266374
      0.86    0.23655   0.299708    0.26441
      0.87   0.226492    0.30103   0.258495
      0.88   0.221843   0.304046   0.256519
      0.89    0.21188   0.301567    0.24889
       0.9   0.204953   0.306842   0.245755
      0.91    0.19926   0.309196   0.242343
      0.92   0.196034   0.314371   0.241484
      0.93   0.190625   0.321485   0.239336
      0.94   0.187115   0.327065   0.238044
      0.95   0.181137   0.333621   0.234794
      0.96   0.176203   0.335721   0.231108
      0.97   0.171743   0.338664   0.227909
      0.98   0.169371   0.344086   0.227003
      0.99   0.165291   0.347107   0.223942
