         0          1   0.230724    0.37494
      0.01   0.818666   0.202446   0.324618
      0.02   0.818666   0.202446   0.324618
      0.03   0.818666   0.202446   0.324618
      0.04   0.818666   0.202453   0.324627
      0.05   0.818666    0.20246   0.324637
      0.06   0.818666   0.202527   0.324722
      0.07   0.818666   0.202579   0.324789
      0.08   0.818666   0.202824   0.325103
      0.09   0.818666   0.202976   0.325299
       0.1   0.818666   0.203635   0.326144
      0.11   0.818582   0.204581    0.32735
      0.12   0.818582   0.205258   0.328217
      0.13   0.816974   0.205697   0.328647
      0.14   0.816382   0.206464   0.329578
      0.15   0.814436   0.208519   0.332029
      0.16   0.812997   0.209863    0.33361
      0.17   0.809866   0.211422   0.335309
      0.18   0.804705   0.212705   0.336471
      0.19    0.79912   0.215212   0.339101
       0.2   0.797428   0.217558   0.341851
      0.21   0.789389   0.220347   0.344524
      0.22   0.770858   0.222377   0.345177
      0.23   0.764512   0.225046   0.347732
      0.24   0.749196   0.228379   0.350051
      0.25   0.745981   0.230291   0.351937
      0.26   0.730919   0.233879   0.354368
      0.27   0.726265   0.236976   0.357351
      0.28   0.713742   0.238966   0.358053
      0.29   0.702488   0.240047   0.357822
       0.3   0.685903   0.241768   0.357518
      0.31   0.676595   0.243414   0.358024
      0.32   0.662464   0.244763   0.357455
      0.33   0.651041   0.246997   0.358126
      0.34   0.636571   0.247078   0.355985
      0.35   0.624471   0.248622   0.355649
      0.36   0.618463   0.249904    0.35597
      0.37   0.598832   0.250524    0.35326
      0.38   0.588424   0.251042   0.351936
      0.39   0.567101   0.253218   0.350108
       0.4   0.539178   0.252818   0.344228
      0.41   0.522847   0.253301   0.341269
      0.42   0.513031   0.253609   0.339427
      0.43   0.507023   0.254002   0.338451
      0.44   0.498985   0.255224   0.337712
      0.45   0.488408   0.255185   0.335222
      0.46   0.474615    0.25644   0.332972
      0.47   0.465392   0.257015    0.33115
      0.48   0.447453     0.2603   0.329132
      0.49   0.438484   0.259269   0.325861
       0.5   0.428245   0.260792   0.324171
      0.51   0.420376   0.264206   0.324478
      0.52   0.415383   0.266737   0.324864
      0.53   0.402437   0.268678   0.322228
      0.54   0.387206   0.269486   0.317795
      0.55   0.367406    0.27046   0.311566
      0.56   0.361567   0.272744   0.310936
      0.57   0.350313   0.273309   0.307057
      0.58   0.340413   0.275729   0.304676
      0.59    0.32129   0.279689   0.299049
       0.6   0.316974   0.283851   0.299499
      0.61   0.305382   0.286295   0.295531
      0.62    0.28702   0.288157   0.287587
      0.63   0.280166   0.289882   0.284941
      0.64    0.27052   0.293694   0.281631
      0.65   0.253765   0.295915   0.273224
      0.66   0.243019   0.301525   0.269129
      0.67   0.233627    0.30482   0.264517
      0.68   0.212303   0.306564   0.250872
      0.69   0.203249   0.310411   0.245652
       0.7   0.196903   0.313929   0.242011
      0.71   0.185057   0.317425   0.233806
      0.72   0.176087   0.320924   0.227402
      0.73   0.169233    0.32707   0.223054
      0.74   0.163479   0.335676   0.219876
      0.75    0.14131   0.343787   0.200292
      0.76   0.137925    0.34972   0.197829
      0.77    0.13471    0.36541    0.19685
      0.78    0.13141   0.373845   0.194464
      0.79   0.125571   0.386503   0.189557
       0.8   0.123033   0.396552   0.187799
      0.81   0.114233   0.407604   0.178453
      0.82   0.112202   0.417994   0.176915
      0.83   0.105771   0.428291   0.169646
      0.84   0.103825   0.440838   0.168067
      0.85  0.0990861   0.447368   0.162239
      0.86  0.0914706   0.461268   0.152667
      0.87  0.0896091   0.468215   0.150428
      0.88  0.0885937   0.482072    0.14968
      0.89  0.0858859   0.482615   0.145822
       0.9  0.0838551   0.497758    0.14353
      0.91  0.0826705     0.5056   0.142105
      0.92  0.0825859   0.506601    0.14202
      0.93  0.0792012   0.519126   0.137435
      0.94  0.0775935   0.529981   0.135368
      0.95  0.0734473   0.536842   0.129216
      0.96  0.0719242   0.548673   0.127177
      0.97  0.0679472   0.568966   0.121397
      0.98  0.0665087   0.578947   0.119311
      0.99  0.0648164   0.577143   0.116544
