         0          1   0.253826   0.404882
      0.01    0.93237   0.327067   0.484261
      0.02    0.93237   0.327067   0.484261
      0.03    0.93237   0.327067   0.484261
      0.04    0.93237   0.327116   0.484314
      0.05    0.93237   0.327133   0.484332
      0.06    0.93237   0.327392   0.484616
      0.07    0.93237   0.327305   0.484521
      0.08    0.93237   0.327397   0.484622
      0.09    0.93237   0.327721   0.484977
       0.1    0.93237   0.328103   0.485395
      0.11    0.93237   0.328644   0.485987
      0.12   0.931823   0.328606   0.485871
      0.13   0.931331   0.329423   0.486695
      0.14   0.930455   0.329775    0.48696
      0.15   0.929963   0.331463    0.48873
      0.16   0.928814   0.332511   0.489709
      0.17   0.927884   0.334382   0.491604
      0.18   0.927227   0.336127   0.493394
      0.19    0.92575   0.338106   0.495312
       0.2   0.923999   0.339618    0.49668
      0.21   0.918527   0.342038   0.498461
      0.22   0.913384   0.344926   0.500751
      0.23    0.90255   0.346367   0.500616
      0.24   0.884767   0.348223   0.499754
      0.25   0.879295   0.349595   0.500284
      0.26   0.866163   0.352004   0.500576
      0.27   0.860309   0.353075   0.500672
      0.28   0.851609   0.355597   0.501703
      0.29   0.844769   0.357932   0.502818
       0.3   0.832567   0.361454    0.50407
      0.31   0.813362   0.362656   0.501643
      0.32   0.802528   0.365146   0.501921
      0.33   0.791803   0.370892    0.50516
      0.34    0.77807   0.373378   0.504607
      0.35   0.755581   0.377402   0.503375
      0.36   0.746553   0.380519   0.504099
      0.37   0.728496   0.384656   0.503472
      0.38    0.71914   0.385976   0.502338
      0.39   0.701302    0.38905   0.500465
       0.4   0.685763   0.392145   0.498964
      0.41   0.657693   0.393445   0.492354
      0.42   0.626833   0.396428   0.485691
      0.43   0.598873   0.397313   0.477702
      0.44   0.565496    0.39879   0.467733
      0.45   0.547932   0.401575   0.463474
      0.46   0.523145   0.405293    0.45674
      0.47   0.508317   0.409917   0.453844
      0.48   0.484132   0.416345   0.447687
      0.49   0.470562   0.418684    0.44311
       0.5   0.448785   0.428311   0.438309
      0.51   0.425367   0.434825   0.430044
      0.52   0.416338   0.440061   0.427871
      0.53   0.400854   0.450426   0.424196
      0.54   0.386518   0.453791   0.417462
      0.55   0.372073   0.466159   0.413835
      0.56   0.363318   0.470663   0.410082
      0.57   0.355275   0.476287   0.406976
      0.58    0.34652   0.478883   0.402089
      0.59   0.335358   0.483321   0.395968
       0.6   0.327807    0.48659    0.39172
      0.61   0.320092   0.489457   0.387058
      0.62   0.309367   0.490737   0.379496
      0.63   0.300175   0.491914   0.372838
      0.64   0.291256   0.501192   0.368416
      0.65   0.286551   0.501485   0.364707
      0.66   0.274075   0.503141   0.354852
      0.67   0.270136   0.506775   0.352416
      0.68   0.262202   0.507701    0.34581
      0.69   0.257879   0.512338   0.343076
       0.7   0.252025   0.516749   0.338808
      0.71   0.245842   0.524503   0.334771
      0.72   0.237689   0.523874   0.327009
      0.73   0.229208   0.535844   0.321075
      0.74    0.22587   0.537828   0.318134
      0.75   0.215364   0.541074   0.308097
      0.76   0.212464    0.54523   0.305775
      0.77   0.209017   0.554395   0.303579
      0.78   0.206063   0.561041   0.301418
      0.79   0.203163   0.574267   0.300142
       0.8   0.199825   0.576436   0.296772
      0.81      0.192   0.586708   0.289321
      0.82   0.188772   0.601322    0.28734
      0.83   0.186583   0.609589   0.285715
      0.84   0.181933   0.628954   0.282227
      0.85   0.178321   0.640665   0.278989
      0.86   0.174218   0.652589   0.275016
      0.87    0.16995   0.651195   0.269551
      0.88    0.16404   0.672727   0.263763
      0.89   0.155395   0.694444   0.253961
       0.9   0.150471   0.699145   0.247643
      0.91   0.144178   0.720074   0.240251
      0.92    0.14292   0.727273   0.238893
      0.93   0.140403    0.74645    0.23635
      0.94   0.137612   0.751055   0.232605
      0.95   0.131156   0.767059   0.224009
      0.96    0.12448   0.781955   0.214771
      0.97   0.118516   0.801676   0.206504
      0.98   0.112497   0.803571   0.197364
      0.99   0.106533   0.813505   0.188395
