         0          1   0.418411   0.589971
      0.01   0.978448   0.544077   0.699301
      0.02   0.978448   0.544077   0.699301
      0.03   0.978448   0.544077   0.699301
      0.04   0.978448   0.544077   0.699301
      0.05   0.978448   0.544077   0.699301
      0.06   0.978448   0.544104   0.699323
      0.07   0.978448   0.544136   0.699349
      0.08   0.978448   0.544172   0.699379
      0.09   0.978448   0.544285   0.699472
       0.1   0.978448    0.54481   0.699905
      0.11   0.978448   0.545732   0.700666
      0.12   0.978448   0.546439   0.701248
      0.13   0.978448   0.547217   0.701889
      0.14   0.978448   0.547824   0.702388
      0.15   0.978385   0.549719   0.703927
      0.16   0.978385   0.551859   0.705679
      0.17   0.978385   0.554362   0.707722
      0.18   0.978385   0.556013   0.709066
      0.19   0.978195   0.559499   0.711844
       0.2   0.977973   0.561042   0.713033
      0.21   0.975473   0.563682   0.714492
      0.22   0.974714   0.568231   0.717929
      0.23   0.974302   0.570773   0.719842
      0.24   0.973384   0.573585   0.721822
      0.25   0.972055   0.575039   0.722605
      0.26   0.971391   0.577811   0.724606
      0.27   0.970758   0.579229   0.725543
      0.28   0.969112   0.581029   0.726491
      0.29   0.968289   0.582625   0.727505
       0.3   0.965472   0.586271   0.729539
      0.31   0.962023   0.589487    0.73103
      0.32   0.960282   0.591508   0.732076
      0.33   0.958225   0.595653   0.734639
      0.34   0.957181   0.598597   0.736565
      0.35   0.955915   0.602983   0.739497
      0.36   0.953446   0.605513   0.740653
      0.37   0.948921   0.612204    0.74425
      0.38   0.945566   0.617971    0.74745
      0.39   0.941167   0.626746    0.75243
       0.4   0.938414   0.633295   0.756238
      0.41   0.932907   0.644138   0.762085
      0.42   0.927337   0.656042   0.768448
      0.43   0.924077   0.665856   0.773998
      0.44   0.918223   0.677668   0.779816
      0.45   0.913286   0.683026   0.781549
      0.46   0.901608   0.690854   0.782285
      0.47   0.895595   0.695847   0.783185
      0.48   0.886765   0.702671   0.784057
      0.49   0.878125   0.705757   0.782562
       0.5   0.866257    0.71038   0.780613
      0.51   0.852237   0.715762    0.77806
      0.52   0.846224   0.719123   0.777513
      0.53   0.833819   0.722977   0.774452
      0.54   0.824071   0.726213   0.772054
      0.55   0.811855     0.7301    0.76881
      0.56   0.802677   0.734656   0.767162
      0.57   0.788531     0.7385   0.762696
      0.58   0.774638   0.741473   0.757693
      0.59   0.760744   0.747764   0.754198
       0.6   0.754478   0.755811   0.755144
      0.61    0.73166   0.761345   0.746207
      0.62   0.711311   0.768669   0.738879
      0.63   0.702734   0.772903    0.73615
      0.64   0.687828   0.779301   0.730713
      0.65   0.680581   0.781912   0.727736
      0.66   0.668017   0.786684    0.72251
      0.67   0.662131   0.789964    0.72042
      0.68   0.648997   0.793965   0.714199
      0.69    0.64099   0.795427   0.709906
       0.7   0.628964    0.79834   0.703602
      0.71    0.62083   0.804156   0.700701
      0.72    0.61045   0.807267   0.695197
      0.73   0.603139   0.810762   0.691707
      0.74   0.597918   0.811909   0.688673
      0.75   0.585923   0.814903   0.681699
      0.76   0.579878   0.818009   0.678661
      0.77   0.573707   0.821824   0.675709
      0.78   0.562631   0.824924   0.668986
      0.79   0.554529   0.831876   0.665461
       0.8   0.551459   0.842448    0.66658
      0.81   0.541363   0.850812   0.661696
      0.82   0.533673   0.854553   0.657028
      0.83   0.527628    0.86257    0.65475
      0.84   0.522565   0.870167   0.652988
      0.85    0.51921   0.874277   0.651507
      0.86    0.51576   0.880481   0.650485
      0.87   0.511773   0.888937   0.649576
      0.88   0.507279   0.897986   0.648318
      0.89    0.50288    0.90212   0.645777
       0.9   0.495379   0.909196   0.641328
      0.91   0.484176   0.913373    0.63287
      0.92   0.478828   0.919413   0.629706
      0.93   0.475125   0.927868   0.628447
      0.94   0.471296   0.935605   0.626834
      0.95   0.466485   0.943887   0.624387
      0.96   0.463067   0.945445   0.621655
      0.97   0.458225   0.947775   0.617773
      0.98   0.453858   0.951827   0.614639
      0.99   0.448668    0.95388   0.610282
