         0          1   0.223412   0.365227
      0.01   0.960881     0.3081   0.466591
      0.02   0.960881     0.3081   0.466591
      0.03   0.960881     0.3081   0.466591
      0.04   0.960881     0.3081   0.466591
      0.05   0.960881     0.3081   0.466591
      0.06   0.960881     0.3081   0.466591
      0.07   0.960881     0.3081   0.466591
      0.08   0.960881   0.308127   0.466622
      0.09   0.960881   0.308209   0.466716
       0.1   0.960881   0.308264   0.466779
      0.11   0.960881   0.308479   0.467025
      0.12   0.960881   0.308623    0.46719
      0.13   0.960881   0.308892   0.467499
      0.14   0.960881   0.309114   0.467752
      0.15   0.960881    0.30958   0.468286
      0.16   0.960881   0.309989   0.468753
      0.17   0.960811   0.310928   0.469818
      0.18   0.960599   0.311428   0.470364
      0.19   0.960037   0.312267   0.471252
       0.2   0.959544   0.312335    0.47127
      0.21   0.959052   0.313187    0.47218
      0.22   0.958559   0.313965   0.473003
      0.23   0.956659   0.313989   0.472799
      0.24   0.954408   0.314584   0.473197
      0.25   0.953493   0.314337   0.472805
      0.26   0.951242   0.314909   0.473174
      0.27   0.948709   0.314241   0.472106
      0.28   0.944136   0.312245   0.469287
      0.29   0.937803   0.310689   0.466747
       0.3    0.92732   0.309846   0.464491
      0.31    0.90966   0.307647   0.459792
      0.32    0.90185   0.307077   0.458154
      0.33   0.883909   0.304669   0.453146
      0.34   0.874481   0.302775   0.449811
      0.35   0.855203   0.300763   0.445019
      0.36   0.835784   0.298063   0.439418
      0.37   0.809329   0.294508   0.431864
      0.38   0.798565   0.293097   0.428809
      0.39   0.776894   0.291087   0.423498
       0.4   0.765637   0.288386   0.418964
      0.41   0.741575   0.284422   0.411152
      0.42   0.721663    0.28065   0.404135
      0.43   0.701963   0.276386   0.396612
      0.44   0.667206   0.270425   0.384862
      0.45   0.644973    0.26562   0.376277
      0.46   0.612608   0.259442   0.364512
      0.47   0.586505   0.255334    0.35578
      0.48   0.551537   0.249908   0.343963
      0.49    0.52262   0.243815   0.332507
       0.5   0.491311   0.239077    0.32164
      0.51   0.460705   0.232548   0.309082
      0.52   0.432491   0.225916   0.296797
      0.53   0.401604   0.220387   0.284597
      0.54   0.377542   0.215336    0.27425
      0.55   0.346654   0.209656   0.261286
      0.56   0.321114   0.206343   0.251242
      0.57   0.299585   0.200217   0.240023
      0.58   0.286006    0.19668   0.233077
      0.59   0.259692   0.186093   0.216817
       0.6    0.24358   0.181674   0.208121
      0.61   0.215085   0.170286   0.190081
      0.62   0.186519   0.162554   0.173714
      0.63   0.177725   0.157929   0.167243
      0.64   0.156054   0.151997   0.153999
      0.65   0.140787   0.145041   0.142882
      0.66   0.126504   0.142342   0.133956
      0.67   0.117568    0.13923   0.127486
      0.68   0.099416   0.133211   0.113859
      0.69  0.0892141   0.128703   0.105381
       0.7  0.0821079   0.125393  0.0992359
      0.71  0.0720467   0.121469  0.0904468
      0.72  0.0665588   0.118096  0.0851355
      0.73  0.0608598   0.115842  0.0797968
      0.74  0.0565679   0.111622  0.0750844
      0.75  0.0529093   0.110644  0.0715865
      0.76  0.0489693   0.110299   0.067826
      0.77   0.042637   0.108255  0.0611785
      0.78  0.0387673   0.104235  0.0565153
      0.79  0.0340533  0.0989492   0.050669
       0.8  0.0297615  0.0958029  0.0454147
      0.81  0.0284247  0.0952839   0.043787
      0.82  0.0270175  0.0972079  0.0422831
      0.83  0.0270175   0.101293  0.0426572
      0.84   0.026525   0.102535  0.0421469
      0.85  0.0258918   0.101918  0.0412933
      0.86  0.0229367    0.10013  0.0373238
      0.87  0.0226553    0.10218  0.0370876
      0.88  0.0220925   0.103093  0.0363872
      0.89  0.0180117        0.1  0.0305252
       0.9  0.0174488   0.100503  0.0297351
      0.91  0.0171674  0.0979667  0.0292152
      0.92  0.0170267  0.0980392  0.0290144
      0.93  0.0162527  0.0903226  0.0275484
      0.94  0.0149159  0.0812641  0.0252054
      0.95  0.0146345  0.0756098  0.0245226
      0.96  0.0136495  0.0688776  0.0227839
      0.97   0.013157  0.0621622  0.0217173
      0.98  0.0122423  0.0603448  0.0203551
      0.99  0.0115387  0.0559006   0.019129
