         0          1   0.176689   0.300316
      0.01   0.890606   0.165553   0.279205
      0.02   0.890606   0.165553   0.279205
      0.03   0.890606   0.165553   0.279205
      0.04   0.890606   0.165575   0.279236
      0.05   0.890606   0.165626   0.279309
      0.06   0.890606   0.165782    0.27953
      0.07   0.890606   0.165907   0.279708
      0.08   0.890606   0.166375   0.280374
      0.09   0.890606   0.166697    0.28083
       0.1   0.890606   0.167525   0.282004
      0.11   0.890606   0.168326   0.283138
      0.12   0.890606    0.16903   0.284134
      0.13   0.890441   0.170115   0.285656
      0.14   0.890441   0.171242   0.287244
      0.15   0.890359   0.172731   0.289331
      0.16   0.890359   0.174073   0.291211
      0.17   0.890277   0.176331    0.29436
      0.18   0.890277   0.177869     0.2965
      0.19   0.890277   0.180758   0.300504
       0.2   0.889373   0.182903   0.303409
      0.21   0.889373   0.185574   0.307075
      0.22   0.889373   0.189152   0.311957
      0.23    0.88814   0.191256   0.314736
      0.24   0.887893   0.194429   0.319003
      0.25     0.8874   0.197506     0.3231
      0.26   0.883948      0.201   0.327525
      0.27   0.883373   0.203167   0.330356
      0.28   0.879675   0.205934   0.333739
      0.29   0.876634   0.207903   0.336097
       0.3   0.864469    0.21183   0.340278
      0.31   0.857483   0.215802   0.344823
      0.32   0.850908   0.218356   0.347531
      0.33   0.844497   0.223504   0.353461
      0.34   0.832005   0.226516   0.356086
      0.35   0.821156   0.231375   0.361025
      0.36   0.815649   0.233599   0.363184
      0.37   0.805129   0.239628   0.369332
      0.38   0.801759   0.243166   0.373157
      0.39   0.793951   0.247374   0.377217
       0.4   0.779157   0.250025    0.37857
      0.41   0.765349   0.253908   0.381313
      0.42   0.751623   0.259408   0.385699
      0.43   0.738473   0.263995   0.388947
      0.44   0.720309   0.268833   0.391537
      0.45   0.705022   0.272681    0.39326
      0.46   0.678639   0.277913   0.394339
      0.47   0.667872   0.281321   0.395886
      0.48   0.638284   0.287491   0.396426
      0.49   0.623161   0.292077   0.397735
       0.5   0.608696   0.298423   0.400496
      0.51   0.590614    0.30473   0.402031
      0.52   0.582642   0.309689   0.404419
      0.53   0.559546   0.313032   0.401467
      0.54   0.548286   0.316232   0.401115
      0.55   0.532013   0.321512   0.400805
      0.56   0.520753   0.325877   0.400887
      0.57   0.506698   0.333722   0.402409
      0.58   0.498562   0.336541   0.401834
      0.59   0.487302   0.340227   0.400695
       0.6   0.482042   0.343432   0.401099
      0.61   0.460179   0.345425   0.394629
      0.62    0.43955   0.345808   0.387084
      0.63   0.429769   0.348241   0.384733
      0.64   0.420399   0.354049   0.384382
      0.65   0.409468   0.355455   0.380555
      0.66   0.399195   0.359105    0.37809
      0.67   0.393688    0.35968   0.375916
      0.68   0.378565    0.35678    0.36735
      0.69   0.368373   0.355224   0.361679
       0.7   0.357031   0.358058   0.357544
      0.71   0.339689   0.360964   0.350004
      0.72   0.335662   0.366358   0.350339
      0.73   0.328676   0.371039   0.348575
      0.74   0.315772   0.371572   0.341407
      0.75   0.302211    0.37518   0.334765
      0.76   0.296293    0.37525    0.33113
      0.77   0.284294   0.376774   0.324065
      0.78   0.272705   0.375748   0.316039
      0.79   0.264322   0.376437   0.310571
       0.8   0.259555   0.377381   0.307569
      0.81    0.24361   0.369975    0.29378
      0.82   0.231528   0.361222   0.282186
      0.83   0.224295   0.357485   0.275644
      0.84   0.209665    0.34867   0.261864
      0.85   0.198899   0.345034   0.252336
      0.86   0.186324   0.340764   0.240918
      0.87   0.179913   0.332777   0.233556
      0.88   0.158955   0.306569   0.209358
      0.89   0.139476   0.294061   0.189208
       0.9   0.128462   0.280899   0.176299
      0.91   0.120983   0.281182   0.169175
      0.92   0.110134   0.270081   0.156465
      0.93  0.0951755   0.263959   0.139905
      0.94  0.0930385   0.259603   0.136984
      0.95   0.077176   0.255944   0.118592
      0.96  0.0700255   0.258112   0.110164
      0.97  0.0609846   0.257862  0.0986406
      0.98  0.0609846   0.261011  0.0988688
      0.99  0.0588477   0.261986  0.0961076
