         0          1   0.263807   0.417479
      0.01   0.972162   0.455427   0.620275
      0.02   0.972162   0.455427   0.620275
      0.03   0.972162   0.455427   0.620275
      0.04   0.972162   0.455548   0.620387
      0.05   0.972162   0.455881   0.620696
      0.06   0.972162   0.456787   0.621535
      0.07   0.972162   0.457996   0.622654
      0.08   0.972162   0.460453    0.62492
      0.09   0.972162   0.462161   0.626491
       0.1   0.972162   0.466036   0.630042
      0.11   0.972162    0.47088   0.634454
      0.12   0.972162   0.474507   0.637738
      0.13   0.972087   0.479969   0.642636
      0.14   0.972087   0.484557   0.646735
      0.15   0.972087    0.49219   0.653499
      0.16   0.972049   0.496473   0.657254
      0.17   0.972049   0.503862   0.663697
      0.18   0.972049   0.509474   0.668547
      0.19   0.971558   0.518492   0.676146
       0.2   0.969556   0.525092   0.681239
      0.21   0.967252   0.533991   0.688102
      0.22   0.964948   0.541702   0.693876
      0.23   0.963022   0.546617   0.697391
      0.24   0.959358   0.553507   0.701994
      0.25   0.956147   0.557589   0.704399
      0.26   0.954221    0.56393   0.708907
      0.27   0.952295   0.567773   0.711399
      0.28   0.948631   0.574986   0.715993
      0.29   0.942021   0.578396   0.716726
       0.3    0.93881      0.587   0.722346
      0.31   0.936808   0.593782   0.726857
      0.32   0.934693   0.598302    0.72959
      0.33   0.927063   0.605651   0.732657
      0.34   0.924759   0.610593   0.735533
      0.35   0.919962   0.616979   0.738607
      0.36   0.916638   0.621151   0.740505
      0.37   0.907384   0.629829   0.743549
      0.38   0.897602   0.637741    0.74568
      0.39    0.88204   0.644086   0.744512
       0.4   0.859188   0.648755   0.739288
      0.41   0.838527   0.659612   0.738386
      0.42   0.823078   0.671246   0.739448
      0.43   0.809367   0.677388    0.73752
      0.44    0.79203    0.68729   0.735952
      0.45    0.78289    0.69319   0.735314
      0.46   0.755052   0.703792   0.728522
      0.47   0.747384   0.709555   0.727978
      0.48   0.720831   0.714856   0.717831
      0.49   0.709122   0.718081   0.713573
       0.5   0.689858   0.725011   0.706998
      0.51   0.664325    0.73083   0.695993
      0.52   0.640755   0.733271   0.683898
      0.53   0.618886    0.73758    0.67304
      0.54     0.6017   0.740319    0.66385
      0.55   0.583909   0.744032   0.654317
      0.56   0.566912   0.744663   0.643743
      0.57   0.544854   0.752948   0.632217
      0.58   0.538168     0.7567   0.628994
      0.59   0.517243   0.762339   0.616317
       0.6     0.5061   0.769281   0.610536
      0.61   0.478716   0.771006    0.59068
      0.62    0.46119   0.773904   0.577959
      0.63   0.449178    0.77703   0.569275
      0.64   0.429386   0.783359   0.554714
      0.65   0.419226    0.78557     0.5467
      0.66   0.402304   0.787776   0.532612
      0.67     0.3861   0.788831   0.518443
      0.68   0.373673   0.791099   0.507589
      0.69   0.361171   0.790383   0.495788
       0.7   0.344287   0.791016    0.47976
      0.71   0.318111   0.790998   0.453743
      0.72   0.297035    0.79187   0.432018
      0.73   0.268291   0.798503   0.401635
      0.74   0.256582    0.79881   0.388406
      0.75   0.241624   0.797212   0.370849
      0.76   0.227724    0.80066   0.354595
      0.77   0.216582   0.800417   0.340916
      0.78   0.209518   0.800566   0.332117
      0.79    0.20136    0.80529   0.322164
       0.8   0.194032   0.808415   0.312951
      0.81   0.185156   0.814008   0.301689
      0.82   0.181756   0.816359   0.297317
      0.83   0.178432   0.824203   0.293356
      0.84   0.175864   0.837975   0.290716
      0.85   0.174466    0.84456   0.289192
      0.86   0.165855   0.853441   0.277735
      0.87   0.161964   0.861187   0.272651
      0.88   0.158829    0.87228   0.268727
      0.89   0.154712   0.879024   0.263115
       0.9   0.150179   0.884929   0.256781
      0.91    0.14848    0.89557   0.254727
      0.92   0.147384   0.896996    0.25317
      0.93    0.14255   0.902439   0.246208
      0.94   0.141756   0.910734   0.245327
      0.95   0.140623   0.913194   0.243716
      0.96   0.138357   0.914219   0.240341
      0.97   0.136657       0.92   0.237967
      0.98   0.133787   0.922318   0.233677
      0.99   0.132842   0.926065   0.232354
