         0          1   0.181029   0.306561
      0.01   0.791254   0.195949    0.31411
      0.02   0.791254   0.195949    0.31411
      0.03   0.791254   0.195949    0.31411
      0.04   0.791254   0.195949    0.31411
      0.05   0.791254   0.195949    0.31411
      0.06   0.791254   0.196077   0.314274
      0.07   0.791254   0.196158   0.314379
      0.08   0.790931   0.196384   0.314643
      0.09   0.790931   0.196658   0.314995
       0.1   0.790931    0.19705   0.315498
      0.11   0.790931   0.197263   0.315771
      0.12   0.790931   0.197574   0.316169
      0.13   0.790823   0.198339    0.31714
      0.14   0.790823   0.199154    0.31818
      0.15   0.789854   0.200185   0.319415
      0.16   0.788669   0.200862   0.320179
      0.17   0.787484   0.202003   0.321528
      0.18   0.787376   0.203301   0.323161
      0.19   0.785545   0.204954    0.32509
       0.2   0.783606   0.206581   0.326965
      0.21    0.78059   0.208532   0.329136
      0.22   0.778436   0.210653   0.331577
      0.23   0.777036   0.211695   0.332739
      0.24   0.775097   0.214242   0.335696
      0.25    0.77402   0.215871    0.33759
      0.26   0.771219   0.218503   0.340527
      0.27   0.768419   0.220248   0.342366
      0.28   0.766695   0.223411   0.345999
      0.29   0.765187   0.226119   0.349081
       0.3   0.759694   0.229488   0.352495
      0.31   0.754739   0.233417   0.356561
      0.32   0.751293    0.23607   0.359255
      0.33   0.746015   0.240217   0.363415
      0.34   0.742568    0.24268   0.365809
      0.35   0.731904   0.245769   0.367974
      0.36    0.72738   0.248231   0.370144
      0.37   0.716394   0.252878   0.373807
      0.38   0.708423    0.25592   0.376007
      0.39    0.70056   0.261221   0.380546
       0.4   0.691512   0.263266   0.381348
      0.41   0.669539   0.268093   0.382877
      0.42   0.663615   0.272249     0.3861
      0.43   0.661461   0.274597   0.388085
      0.44   0.656075   0.278083   0.390605
      0.45   0.653705   0.279722   0.391794
      0.46   0.649505   0.282524   0.393766
      0.47   0.636687   0.283868   0.392666
      0.48   0.629362   0.286547   0.393799
      0.49   0.622361   0.288681   0.394414
       0.5   0.613313   0.291903   0.395547
      0.51   0.599634   0.294681   0.395165
      0.52   0.591771   0.296287    0.39487
      0.53     0.5824   0.300027   0.396034
      0.54   0.576907   0.302222   0.396652
      0.55   0.567859   0.305978   0.397677
      0.56   0.561396   0.308333   0.398048
      0.57   0.553856   0.313984    0.40077
      0.58   0.548147   0.316253   0.401095
      0.59   0.542008   0.318509   0.401234
       0.6   0.537807   0.321712   0.402595
      0.61   0.531021   0.328445   0.405859
      0.62   0.521219   0.333712   0.406903
      0.63   0.515941   0.336984   0.407689
      0.64    0.50517   0.339971   0.406425
      0.65   0.500108   0.341211   0.405654
      0.66   0.488798   0.346988   0.405863
      0.67   0.478888   0.349115   0.403832
      0.68   0.469625   0.352201   0.402524
      0.69   0.463701    0.35611   0.402845
       0.7   0.457885   0.365067   0.406241
      0.71   0.447544   0.375313   0.408259
      0.72   0.444205   0.380087   0.409652
      0.73   0.435696   0.385714   0.409184
      0.74   0.431172    0.39016   0.409642
      0.75   0.427402   0.397913    0.41213
      0.76   0.424817   0.404184   0.414243
      0.77   0.422555   0.412967   0.417706
      0.78   0.420832   0.420306   0.420568
      0.79   0.419108   0.435115   0.426961
       0.8   0.416415     0.4412   0.428449
      0.81   0.414046       0.45   0.431275
      0.82    0.40866   0.458098   0.431969
      0.83   0.406937   0.466577   0.434721
      0.84   0.401874   0.478444   0.436829
      0.85    0.39972   0.485687    0.43853
      0.86   0.396489   0.493374   0.439657
      0.87    0.39218   0.493944   0.437219
      0.88   0.388302   0.502485   0.438076
      0.89   0.380978   0.508641   0.435649
       0.9   0.372576   0.515445   0.432518
      0.91   0.367514   0.525949   0.432684
      0.92   0.364713   0.529915   0.432061
      0.93    0.35642   0.533058     0.4272
      0.94   0.353081   0.534373   0.425209
      0.95   0.345541   0.541605   0.421907
      0.96    0.33994   0.543846    0.41837
      0.97   0.326691   0.545604   0.408678
      0.98   0.311288   0.544674   0.396164
      0.99   0.299548   0.549411    0.38771
