         0          1   0.235879   0.381719
      0.01   0.964742   0.365446   0.530092
      0.02   0.964742   0.365446   0.530092
      0.03   0.964742   0.365452   0.530099
      0.04   0.964742   0.365497   0.530146
      0.05   0.964742   0.365715   0.530375
      0.06   0.964742   0.366689   0.531399
      0.07   0.964742   0.367276   0.532014
      0.08   0.964742   0.369253   0.534086
      0.09   0.964601   0.371803   0.536726
       0.1     0.9634   0.375618   0.540502
      0.11   0.961846   0.380117   0.544894
      0.12   0.960998   0.383622   0.548348
      0.13   0.959514    0.38935   0.553928
      0.14   0.958949   0.392879   0.557395
      0.15   0.956546   0.396979   0.561096
      0.16   0.954356   0.401073    0.56479
      0.17   0.947149   0.407176   0.569518
      0.18   0.941638    0.41184   0.573049
      0.19   0.936621   0.419403   0.579373
       0.2   0.932382   0.425162   0.584015
      0.21   0.923338   0.434203    0.59065
      0.22   0.917685    0.44377   0.598244
      0.23   0.912245   0.450922   0.603523
      0.24   0.905462    0.46167   0.611535
      0.25   0.899244   0.469336   0.616767
      0.26   0.884477   0.481013   0.623139
      0.27   0.875433   0.487602   0.626342
      0.28   0.860807   0.497319   0.630421
      0.29   0.848371   0.507486   0.635077
       0.3   0.837844   0.521496   0.642859
      0.31   0.826821   0.533117   0.648254
      0.32   0.817141   0.540003   0.650275
      0.33   0.800042   0.550267   0.652054
      0.34   0.792058   0.555612   0.653093
      0.35    0.77503   0.563363   0.652459
      0.36    0.75461    0.56847   0.648446
      0.37   0.737794   0.578937   0.648783
      0.38    0.72232   0.585848   0.646966
      0.39    0.70077   0.595558   0.643894
       0.4   0.691373   0.603106    0.64423
      0.41   0.676676   0.611739   0.642571
      0.42   0.663817   0.620899   0.641641
      0.43   0.656751   0.630252   0.643229
      0.44   0.647849   0.644265   0.646052
      0.45   0.637038    0.64931   0.643115
      0.46   0.626369   0.661538   0.643474
      0.47    0.62213   0.667807    0.64416
      0.48   0.615347   0.677994   0.645153
      0.49   0.610754   0.683544   0.645102
       0.5   0.601003   0.693571   0.643978
      0.51   0.590758   0.705861   0.643201
      0.52    0.58447   0.714717   0.643065
      0.53   0.575708   0.723337   0.641134
      0.54   0.569279   0.728006   0.638932
      0.55   0.551968   0.738507   0.631755
      0.56   0.545185   0.746424   0.630127
      0.57   0.534445   0.749437    0.62394
      0.58   0.526461   0.751852   0.619286
      0.59   0.508231   0.755707   0.607742
       0.6   0.498057   0.756757   0.600739
      0.61   0.483502   0.758692   0.590615
      0.62   0.469582   0.772653   0.584147
      0.63   0.464001   0.775431   0.580589
      0.64   0.450788   0.780093    0.57139
      0.65   0.440684   0.783751   0.564157
      0.66   0.426765   0.783364   0.552523
      0.67     0.4144   0.787179   0.542964
      0.68   0.396594   0.785859   0.527153
      0.69   0.378153   0.792717   0.512044
       0.7   0.369674   0.803936   0.506462
      0.71   0.359712   0.817073   0.499515
      0.72   0.355755      0.825   0.497136
      0.73   0.346782   0.838525   0.490649
      0.74   0.336324   0.842239   0.480696
      0.75   0.328906   0.846626    0.47376
      0.76   0.317177   0.850909   0.462104
      0.77   0.298735   0.864258      0.444
      0.78   0.286865   0.867677   0.431177
      0.79      0.281   0.867846   0.424539
       0.8   0.276125   0.875676   0.419858
      0.81   0.262206   0.871854   0.403163
      0.82   0.240444   0.866505   0.376432
      0.83   0.229633   0.865839   0.362995
      0.84   0.218611   0.870634   0.349472
      0.85   0.217127    0.87467   0.347894
      0.86   0.211757   0.880215   0.341386
      0.87   0.210485   0.885402   0.340116
      0.88   0.206529   0.882353   0.334713
      0.89   0.201017   0.885587    0.32766
       0.9   0.191903   0.886822   0.315527
      0.91   0.181234   0.888342   0.301049
      0.92   0.173249    0.88586   0.289819
      0.93    0.16689   0.881081   0.280626
      0.94   0.161097   0.881481   0.272409
      0.95   0.154879   0.877953   0.263308
      0.96    0.14958   0.883197   0.255831
      0.97   0.139617   0.881319   0.241048
      0.98    0.13566   0.881279   0.235126
      0.99   0.122942   0.879808   0.215738
