         0          1   0.265439    0.41952
      0.01   0.902872   0.329397   0.482693
      0.02   0.902872   0.329397   0.482693
      0.03   0.902872   0.329397   0.482693
      0.04   0.902872   0.329414   0.482711
      0.05   0.902872   0.329414   0.482711
      0.06   0.902872   0.329515   0.482819
      0.07   0.902872   0.329599   0.482909
      0.08   0.902872   0.329785   0.483108
      0.09   0.902872   0.329936   0.483271
       0.1   0.902872   0.330322   0.483684
      0.11   0.902193   0.331153   0.484477
      0.12   0.902113   0.331973   0.485342
      0.13   0.902113   0.333368   0.486832
      0.14   0.901114    0.33443   0.487817
      0.15   0.900994   0.335839   0.489296
      0.16   0.900994   0.337281   0.490825
      0.17   0.900196   0.340255   0.493846
      0.18   0.899677   0.342626    0.49626
      0.19   0.899117   0.345684   0.499373
       0.2   0.898159   0.347372   0.500983
      0.21   0.891889   0.350961    0.50371
      0.22   0.890451    0.35418   0.506784
      0.23   0.886417   0.356821    0.50882
      0.24   0.883781   0.360263   0.511869
      0.25   0.883382   0.362862   0.514419
      0.26   0.880786   0.366762   0.517878
      0.27   0.879228   0.370366   0.521187
      0.28   0.876553   0.375016   0.525295
      0.29   0.875394   0.377929   0.527936
       0.3   0.872119   0.381891   0.531183
      0.31   0.868405   0.387214   0.535607
      0.32   0.865849   0.390177   0.537942
      0.33   0.857982    0.39469   0.540664
      0.34   0.854267   0.398616   0.543585
      0.35   0.852111   0.403361   0.547536
      0.36      0.846   0.404751   0.547542
      0.37   0.840569    0.40955   0.550756
      0.38   0.837374   0.410961   0.551339
      0.39   0.827509   0.414578   0.552405
       0.4   0.821998   0.416168   0.552574
      0.41   0.816366   0.420512   0.555094
      0.42   0.803507   0.424725   0.555709
      0.43   0.798634   0.428662   0.557883
      0.44   0.790567   0.434994   0.561199
      0.45   0.784736    0.43741   0.561719
      0.46   0.779584   0.442121   0.564245
      0.47    0.77543   0.445758   0.566095
      0.48   0.764008   0.449016   0.565614
      0.49   0.758417   0.451599   0.566109
       0.5   0.747314   0.454706   0.565395
      0.51   0.739287    0.45782   0.565464
      0.52   0.732537   0.459683   0.564887
      0.53   0.717081    0.46215    0.56206
      0.54   0.707656   0.463249   0.559945
      0.55   0.688166   0.464747   0.554809
      0.56   0.677024    0.46628   0.552229
      0.57   0.660649   0.468337   0.548114
      0.58   0.646631   0.468094   0.543065
      0.59   0.633891   0.471532   0.540788
       0.6   0.627581   0.472931    0.53939
      0.61   0.613363   0.474514   0.535078
      0.62   0.600743   0.476615   0.531528
      0.63   0.595431   0.479791   0.531393
      0.64   0.583849   0.482525   0.528373
      0.65   0.574304   0.482896   0.524649
      0.66   0.560885   0.484542   0.519926
      0.67   0.554854   0.485645   0.517948
      0.68   0.547426   0.489198   0.516676
      0.69   0.539518    0.49057   0.513881
       0.7   0.528575   0.494191   0.510805
      0.71   0.516474   0.497401   0.506758
      0.72   0.509405   0.498111   0.503695
      0.73   0.498343   0.501851   0.500091
      0.74   0.489636   0.506202   0.497781
      0.75   0.476257   0.509213   0.492184
      0.76   0.470666   0.511676   0.490315
      0.77   0.457606   0.512958   0.483703
      0.78   0.450976   0.517308    0.48187
      0.79    0.44227   0.523575   0.479501
       0.8   0.435361   0.522169    0.47483
      0.81   0.418627   0.521109    0.46428
      0.82   0.408163   0.520079   0.457374
      0.83   0.400535   0.522989   0.453644
      0.84   0.384041   0.524665   0.443472
      0.85    0.37841   0.525172   0.439872
      0.86   0.368146   0.531752   0.435077
      0.87   0.359399   0.530966   0.428653
      0.88   0.349894   0.532949   0.422444
      0.89   0.341987   0.533561   0.416815
       0.9   0.329526   0.532011   0.406974
      0.91   0.317944   0.530052   0.397471
      0.92   0.306003   0.527505   0.387322
      0.93   0.287232    0.51848   0.369671
      0.94   0.279284   0.517838   0.362865
      0.95   0.264148   0.511561   0.348398
      0.96   0.252806   0.508464   0.337706
      0.97   0.233076   0.505487   0.319044
      0.98   0.222253   0.501997   0.308099
      0.99   0.208674   0.494406    0.29348
