         0          1    0.32957   0.495755
      0.01   0.946175   0.435521   0.596483
      0.02   0.946175   0.435521   0.596483
      0.03   0.946175   0.435521   0.596483
      0.04   0.946175   0.435521   0.596483
      0.05   0.946175   0.435607   0.596563
      0.06   0.946175     0.4359   0.596838
      0.07   0.946175   0.436187   0.597108
      0.08   0.946175   0.436949   0.597821
      0.09   0.946175   0.437534   0.598368
       0.1   0.946175   0.438535   0.599303
      0.11   0.945111   0.439841   0.600307
      0.12   0.945111   0.441525   0.601874
      0.13   0.944813   0.444546   0.604613
      0.14   0.944558    0.44675   0.606597
      0.15   0.944473   0.450358   0.609896
      0.16    0.94409   0.453299   0.612507
      0.17   0.943494   0.457903   0.616569
      0.18   0.943026   0.460896   0.619175
      0.19   0.941154   0.466652   0.623938
       0.2   0.940431   0.470036   0.626795
      0.21   0.939835   0.477029   0.632846
      0.22   0.938856    0.48473    0.63936
      0.23    0.93792   0.489677   0.643428
      0.24   0.936218   0.498414   0.650514
      0.25   0.934303   0.504765   0.655429
      0.26   0.930134   0.515234   0.663134
      0.27   0.927666   0.522846   0.668765
      0.28   0.923624   0.532993   0.675929
      0.29   0.918135    0.54143    0.68117
       0.3   0.913114   0.553789   0.689442
      0.31   0.906178   0.567966   0.698274
      0.32   0.903881   0.577092   0.704432
      0.33   0.901328   0.593039   0.715384
      0.34   0.898264   0.602892   0.721519
      0.35    0.89286   0.617127   0.729818
      0.36   0.889924   0.626404   0.735266
      0.37   0.886861   0.638619   0.742542
      0.38   0.883755   0.645962   0.746376
      0.39   0.879032   0.658801   0.753147
       0.4   0.875968   0.665828   0.756578
      0.41   0.871075   0.676583   0.761608
      0.42   0.864309    0.68516   0.764378
      0.43   0.859927   0.689346   0.765246
      0.44   0.850821   0.696036   0.765684
      0.45   0.842907    0.70053   0.765152
      0.46   0.837503   0.705807   0.766036
      0.47   0.829589   0.707711   0.763818
      0.48   0.816824   0.713584   0.761722
      0.49   0.811208   0.716455   0.760893
       0.5   0.796868    0.72228   0.757743
      0.51   0.784572   0.726808   0.754586
      0.52   0.777636   0.729592   0.752848
      0.53    0.76819   0.736414   0.751967
      0.54   0.762446    0.73865   0.750359
      0.55   0.747724   0.740322   0.744005
      0.56   0.742915   0.742831   0.742873
      0.57   0.731299   0.744878   0.738026
      0.58   0.718024   0.747495   0.732463
      0.59    0.70428    0.75081   0.726801
       0.6   0.698749   0.753007   0.724864
      0.61   0.684623   0.753615   0.717464
      0.62   0.673007   0.756818   0.712456
      0.63   0.661561   0.756715   0.705946
      0.64    0.64837   0.759992   0.699758
      0.65   0.636712   0.761492   0.693534
      0.66   0.618883   0.764441   0.684004
      0.67   0.607097   0.764654   0.676827
      0.68   0.593737   0.766811   0.669266
      0.69   0.582759    0.76833     0.6628
       0.7     0.5711   0.770985   0.656158
      0.71   0.558038   0.773836   0.648454
      0.72   0.551102    0.77907   0.645551
      0.73   0.542592   0.782307   0.640764
      0.74   0.537656   0.786845    0.63881
      0.75   0.525785   0.792071   0.632025
      0.76    0.51536   0.797763   0.626195
      0.77    0.49966   0.800247     0.6152
      0.78   0.486214   0.801337   0.605213
      0.79   0.464088   0.804919   0.588733
       0.8   0.449238   0.805603   0.576818
      0.81    0.43575   0.810258   0.566722
      0.82   0.424049   0.813655   0.557532
      0.83   0.410263   0.816478   0.546115
      0.84   0.385882   0.820513   0.524905
      0.85   0.376649   0.824786   0.517139
      0.86   0.357501   0.832357   0.500175
      0.87   0.350268   0.836906   0.493847
      0.88    0.33227   0.844521   0.476905
      0.89   0.316356   0.847882   0.460786
       0.9    0.30874   0.858597   0.454167
      0.91   0.286188   0.860452   0.429518
      0.92   0.276232   0.860885   0.418257
      0.93   0.271211   0.865617   0.413017
      0.94   0.261339   0.870138   0.401955
      0.95   0.254021   0.868766   0.393102
      0.96   0.245213   0.870484   0.382638
      0.97    0.23398   0.877243   0.369426
      0.98    0.22496   0.881913   0.358478
      0.99   0.215386   0.885848   0.346519
