         0          1   0.256164   0.407851
      0.01   0.978352   0.457694   0.623637
      0.02   0.978352   0.457694   0.623637
      0.03   0.978352   0.457725   0.623665
      0.04   0.978352   0.458065   0.623982
      0.05   0.978352   0.458184   0.624092
      0.06   0.978352    0.45839   0.624283
      0.07   0.978352   0.458664   0.624537
      0.08   0.978352   0.459443   0.625259
      0.09   0.978352    0.45978    0.62557
       0.1   0.978352   0.461155   0.626842
      0.11   0.978352   0.462499   0.628083
      0.12   0.978352   0.463885   0.629359
      0.13   0.978062   0.465743   0.631007
      0.14   0.977945   0.467238   0.632353
      0.15   0.977945   0.470361   0.635207
      0.16   0.977945    0.47245    0.63711
      0.17   0.977829   0.475654   0.639992
      0.18   0.977829   0.477306   0.641485
      0.19   0.977539   0.481737   0.645411
       0.2   0.977481   0.484763   0.648109
      0.21   0.977307   0.488523   0.651422
      0.22   0.976843   0.492422   0.654775
      0.23   0.976204   0.495649   0.657477
      0.24   0.975508    0.50203   0.662906
      0.25   0.974753    0.50642   0.666545
      0.26   0.972722   0.512326   0.671158
      0.27   0.971039   0.517067   0.674807
      0.28   0.970633   0.526402   0.682607
      0.29   0.967673   0.532301   0.686803
       0.3    0.96628   0.537624   0.690862
      0.31   0.962739   0.544817    0.69585
      0.32   0.960244   0.549328   0.698858
      0.33   0.957226   0.557444   0.704576
      0.34    0.95206    0.56327   0.707789
      0.35   0.944748   0.568252   0.709656
      0.36   0.938015   0.572746   0.711224
      0.37   0.927104   0.581476   0.714697
      0.38    0.92426   0.586513   0.717633
      0.39   0.910273   0.592937   0.718109
       0.4   0.901973   0.597857   0.719083
      0.41   0.882763   0.605546   0.718337
      0.42    0.87545   0.610587   0.719415
      0.43   0.871503   0.613738   0.720253
      0.44   0.863668    0.61823   0.720624
      0.45   0.861637   0.621407   0.722065
      0.46   0.855543   0.626398   0.723255
      0.47   0.852583   0.629651   0.724352
      0.48   0.841904   0.630555   0.721061
      0.49   0.824724   0.631002   0.714973
       0.5   0.810447   0.633379   0.711055
      0.51    0.79437   0.632679   0.704364
      0.52   0.783111    0.63216   0.699585
      0.53   0.770633   0.634255   0.695824
      0.54   0.761172   0.635328    0.69258
      0.55   0.746198   0.638444   0.688129
      0.56   0.740859   0.639572   0.686499
      0.57   0.730528    0.64287   0.683902
      0.58   0.723099   0.644691   0.681648
      0.59   0.707661    0.64771    0.67636
       0.6   0.696111   0.647507    0.67093
      0.61   0.682472    0.65008   0.665883
      0.62   0.667266   0.656043   0.661607
      0.63   0.659954   0.659062   0.659508
      0.64   0.649565   0.662748    0.65609
      0.65   0.639176    0.66533   0.651991
      0.66   0.622983   0.668046   0.644728
      0.67   0.613929   0.669011   0.640288
      0.68   0.598781   0.669634   0.632229
      0.69   0.589031   0.670747   0.627238
       0.7   0.580093   0.672028   0.622685
      0.71   0.568195   0.672432   0.615934
      0.72   0.559083   0.672455    0.61055
      0.73    0.54794   0.674966   0.604856
      0.74   0.536796    0.67378   0.597538
      0.75   0.522751   0.671158   0.587731
      0.76   0.508358    0.66873   0.577619
      0.77   0.489553   0.665551   0.564144
      0.78   0.476727   0.664163   0.555048
      0.79    0.45769   0.661154   0.540922
       0.8   0.449855    0.66245   0.535836
      0.81   0.429658   0.668061   0.522971
      0.82    0.41834   0.670393    0.51519
      0.83   0.407371   0.669732   0.506598
      0.84   0.400696   0.672224   0.502102
      0.85   0.394022    0.67532   0.497672
      0.86   0.383749   0.679032    0.49037
      0.87   0.376669   0.684539   0.485945
      0.88   0.363262   0.686716   0.475167
      0.89   0.357516   0.690022   0.470998
       0.9   0.342948   0.693971   0.459045
      0.91   0.334765   0.697027   0.452301
      0.92   0.330876   0.697831   0.448905
      0.93   0.327568   0.701625   0.446622
      0.94   0.323564   0.703611    0.44328
      0.95   0.320894   0.710526   0.442116
      0.96    0.31863   0.717976    0.44138
      0.97   0.312826   0.725833   0.437217
      0.98   0.305688   0.729882   0.430905
      0.99   0.301741   0.739232   0.428554
