         0          1   0.382258   0.553092
      0.01   0.892838   0.537497   0.671028
      0.02   0.892838   0.537497   0.671028
      0.03   0.892838   0.537497   0.671028
      0.04   0.892838   0.537497   0.671028
      0.05   0.892838   0.537497   0.671028
      0.06   0.892838   0.537468   0.671005
      0.07   0.892838    0.53738   0.670937
      0.08   0.892838   0.537267   0.670849
      0.09   0.892766   0.537247   0.670814
       0.1   0.892766   0.537153    0.67074
      0.11   0.892373   0.537112   0.670597
      0.12   0.892301   0.537063   0.670539
      0.13     0.8918   0.536688   0.670105
      0.14   0.891406     0.5362   0.669613
      0.15   0.889509   0.535438   0.668483
      0.16   0.889044   0.534963   0.667982
      0.17   0.885178    0.53406   0.666186
      0.18   0.882064   0.533886   0.665167
      0.19   0.879559   0.532973   0.663746
       0.2   0.877018   0.532453   0.662619
      0.21   0.873081   0.531846   0.661023
      0.22   0.868893   0.531933   0.659886
      0.23   0.865779   0.532089   0.659106
      0.24   0.860339   0.532908   0.658148
      0.25   0.857762    0.53282   0.657325
      0.26   0.851569     0.5327   0.655409
      0.27    0.84663   0.532439   0.653744
      0.28   0.839579    0.53231   0.651534
      0.29   0.832242   0.531537   0.648737
       0.3   0.821862   0.531155   0.645278
      0.31   0.814059   0.531187   0.642883
      0.32   0.810623   0.531264   0.641864
      0.33   0.805254   0.531318   0.640214
      0.34   0.799134   0.530899   0.637968
      0.35   0.791761   0.531045    0.63571
      0.36   0.786571   0.530822   0.633872
      0.37    0.77884   0.530207   0.630911
      0.38   0.773686   0.530565   0.629466
      0.39   0.763198   0.531086   0.626329
       0.4    0.75919   0.531527    0.62528
      0.41   0.751387   0.533129   0.623715
      0.42   0.743727    0.53526   0.622504
      0.43   0.740184   0.536205   0.621896
      0.44   0.733813    0.53828   0.621019
      0.45   0.729625   0.539802   0.620521
      0.46   0.723898   0.541507   0.619558
      0.47   0.718709   0.543272   0.618796
      0.48   0.714521   0.545796   0.618865
      0.49   0.708544     0.5479   0.617952
       0.5   0.701671   0.550343   0.616862
      0.51   0.693905   0.552749   0.615335
      0.52   0.690075   0.554321   0.614793
      0.53   0.684169   0.557546   0.614401
      0.54   0.680125   0.559753   0.614096
      0.55   0.673252   0.563476   0.613492
      0.56   0.670711   0.566034   0.613943
      0.57   0.667025   0.569469   0.614398
      0.58   0.664555   0.571398   0.614466
      0.59   0.659902   0.572702   0.613217
       0.6   0.654605   0.574506   0.611945
      0.61   0.647339   0.576141   0.609668
      0.62   0.640216   0.579239   0.608203
      0.63   0.633165   0.580505   0.605693
      0.64   0.626723   0.582682     0.6039
      0.65   0.623072   0.583354   0.602559
      0.66   0.615376   0.584422     0.5995
      0.67   0.610115   0.585754   0.597686
      0.68   0.604746   0.588559   0.596543
      0.69   0.600523   0.588392   0.594395
       0.7     0.5934   0.591371   0.592384
      0.71   0.584237   0.593059   0.588615
      0.72   0.576363   0.593655   0.584881
      0.73   0.563943   0.597214   0.580102
      0.74   0.558574   0.600767   0.578903
      0.75   0.546619   0.606813   0.575146
      0.76   0.540034   0.608568   0.572256
      0.77   0.530978   0.612772   0.568951
      0.78   0.526791   0.616289   0.568036
      0.79   0.516876   0.620346   0.563904
       0.8   0.508035   0.621179   0.558939
      0.81   0.501629   0.622871   0.555714
      0.82   0.494792    0.62304   0.551559
      0.83   0.485773   0.624328   0.546404
      0.84   0.477433   0.626003   0.541716
      0.85   0.467697   0.623836   0.534599
      0.86   0.458391   0.624834   0.528826
      0.87   0.448155   0.625597   0.522214
      0.88   0.437739   0.628367    0.51601
      0.89   0.432872   0.633948    0.51446
       0.9   0.416694   0.638695   0.504345
      0.91    0.40456   0.641888   0.496312
      0.92   0.397008   0.643659   0.491104
      0.93   0.384516   0.650132    0.48323
      0.94   0.375998   0.653613   0.477378
      0.95   0.364043   0.655107   0.468012
      0.96   0.351337   0.656229   0.457652
      0.97   0.337593   0.657633   0.446154
      0.98   0.334514   0.663128     0.4447
      0.99   0.324421   0.669514    0.43706
