         0          1   0.173626   0.295879
      0.01   0.924719   0.536017   0.678651
      0.02   0.924719   0.536017   0.678651
      0.03   0.924719   0.536017   0.678651
      0.04   0.924719   0.536666   0.679171
      0.05   0.924719   0.537249   0.679638
      0.06   0.924719   0.538101   0.680319
      0.07   0.924525    0.53881   0.680833
      0.08   0.924525   0.540224    0.68196
      0.09   0.924525   0.542268   0.683587
       0.1   0.924525   0.544437   0.685307
      0.11   0.923263    0.54855   0.688207
      0.12   0.922681   0.552133   0.690857
      0.13   0.921711   0.559126   0.696029
      0.14   0.919286   0.563533   0.698734
      0.15   0.915211   0.570033   0.702512
      0.16   0.912107   0.575136   0.705447
      0.17   0.905025   0.583246    0.70935
      0.18   0.898913   0.589622   0.712135
      0.19   0.888339   0.595774   0.713219
       0.2   0.880772    0.60486   0.717195
      0.21   0.870004   0.621539   0.725077
      0.22   0.852057   0.634488   0.727351
      0.23   0.844781   0.646282   0.732319
      0.24   0.834692   0.656231    0.73478
      0.25   0.827319   0.662404   0.735733
      0.26   0.809177   0.671508   0.733942
      0.27   0.798409   0.675054   0.731568
      0.28   0.782111   0.679309   0.727094
      0.29   0.779007   0.688588   0.731012
       0.3   0.769305   0.694042   0.729738
      0.31   0.761932   0.698168   0.728658
      0.32   0.756306   0.701071   0.727642
      0.33   0.749515    0.70679   0.727526
      0.34    0.74709   0.709287   0.727698
      0.35   0.737388   0.712967   0.724972
      0.36   0.733702   0.714219   0.723829
      0.37   0.732732    0.71576   0.724146
      0.38   0.732732   0.717647   0.725111
      0.39   0.729433   0.720518   0.724948
       0.4   0.728657   0.722437   0.725534
      0.41   0.724971   0.726959   0.725964
      0.42   0.721575   0.733835   0.727653
      0.43   0.720314   0.737241   0.728679
      0.44    0.71915   0.739663   0.729262
      0.45   0.717792   0.741521   0.729464
      0.46   0.717016   0.743124   0.729837
      0.47    0.71624   0.745932   0.730784
      0.48   0.710225   0.749335   0.729256
      0.49   0.710031    0.75188   0.730356
       0.5   0.708479   0.755302   0.731141
      0.51   0.708382   0.761458   0.733962
      0.52   0.704792    0.76257   0.732544
      0.53   0.701203   0.765969   0.732157
      0.54   0.700621   0.767827   0.732686
      0.55   0.700039   0.773017    0.73472
      0.56    0.69936   0.776023     0.7357
      0.57   0.696061   0.777646   0.734596
      0.58   0.690435   0.778576   0.731861
      0.59   0.685487    0.77926   0.729372
       0.6   0.683547   0.779412   0.728338
      0.61   0.680054   0.782907   0.727865
      0.62   0.677629     0.7854   0.727545
      0.63   0.674622   0.786488   0.726273
      0.64   0.670838   0.789474   0.725337
      0.65   0.665988   0.791557   0.723363
      0.66   0.660361   0.795409   0.721621
      0.67   0.659488   0.795501   0.721137
      0.68   0.655413   0.795281   0.718605
      0.69   0.653667   0.796205    0.71793
       0.7   0.646488   0.800146   0.715156
      0.71   0.642608     0.8003   0.712837
      0.72   0.632518   0.798616   0.705929
      0.73   0.614377   0.795257   0.693212
      0.74   0.608168   0.794212    0.68885
      0.75   0.596818   0.797331   0.682655
      0.76   0.592161   0.800681   0.680813
      0.77   0.580132   0.807048   0.675031
      0.78   0.565386   0.806859   0.664877
      0.79    0.55326   0.807407   0.656598
       0.8   0.548894   0.812794   0.655272
      0.81   0.539872   0.819149   0.650815
      0.82   0.529298   0.823123   0.644292
      0.83   0.522992   0.824297   0.639953
      0.84   0.516395   0.829522   0.636534
      0.85   0.503395   0.827878   0.626092
      0.86   0.492821   0.834611   0.619714
      0.87   0.491851   0.848315   0.622676
      0.88   0.487388   0.859122   0.621943
      0.89    0.47759   0.866189   0.615701
       0.9   0.470508   0.870889   0.610946
      0.91   0.464882   0.879052   0.608148
      0.92   0.457024   0.878018   0.601142
      0.93   0.450136   0.882507   0.596181
      0.94    0.44092   0.882823   0.588111
      0.95    0.42889   0.884932   0.577762
      0.96   0.425689   0.889665   0.575846
      0.97   0.410846   0.890351   0.562247
      0.98   0.407645   0.891045   0.559379
      0.99   0.388048   0.888013   0.540087
