         0          1   0.331079    0.49746
      0.01   0.926966   0.294408   0.446883
      0.02   0.926966   0.294408   0.446883
      0.03   0.926966   0.294408   0.446883
      0.04   0.926966   0.294408   0.446883
      0.05   0.926966   0.294419   0.446897
      0.06   0.926966   0.294487   0.446975
      0.07   0.926966   0.294539   0.447035
      0.08   0.926966   0.294744   0.447271
      0.09   0.926966   0.294864   0.447409
       0.1   0.926966    0.29505   0.447623
      0.11   0.926966   0.295337   0.447953
      0.12   0.926966   0.295637   0.448298
      0.13   0.926841   0.296247   0.448985
      0.14   0.926841    0.29663   0.449424
      0.15     0.9268   0.297039   0.449889
      0.16     0.9268   0.297322   0.450213
      0.17     0.9268   0.298112   0.451119
      0.18   0.926717   0.298864   0.451969
      0.19   0.926717   0.299865   0.453112
       0.2   0.926468   0.300516   0.453826
      0.21   0.926178    0.30145   0.454855
      0.22   0.926136   0.302504   0.456049
      0.23   0.926012   0.303241    0.45687
      0.24   0.925805   0.304205   0.457938
      0.25   0.925722   0.305217   0.459074
      0.26   0.925307   0.306883   0.460904
      0.27   0.925058   0.307715   0.461811
      0.28   0.924477   0.308989   0.463172
      0.29    0.92257   0.309626   0.463647
       0.3   0.922279   0.311488   0.465694
      0.31    0.92145   0.313183   0.467479
      0.32   0.919832   0.313992    0.46817
      0.33   0.919169   0.315991   0.470302
      0.34   0.914773   0.317762   0.471679
      0.35   0.913611   0.319722   0.473678
      0.36    0.91216   0.320809   0.474674
      0.37   0.911165   0.322785   0.476697
      0.38   0.909962   0.324463   0.478359
      0.39   0.908718   0.327403   0.481372
       0.4    0.90793   0.328876   0.482851
      0.41   0.902828   0.331297   0.484722
      0.42   0.899137   0.333651   0.486698
      0.43   0.897603   0.336092   0.489062
      0.44   0.894658   0.339842   0.492575
      0.45   0.892045   0.342221    0.49467
      0.46    0.88852   0.346511   0.498582
      0.47   0.885285   0.349198   0.500841
      0.48   0.879396   0.353499   0.504286
      0.49   0.875332    0.35581   0.505956
       0.5   0.868696   0.360531   0.509575
      0.51   0.864093   0.366232   0.514431
      0.52   0.863222   0.370363   0.518336
      0.53   0.855259   0.374829   0.521224
      0.54   0.851568   0.379106   0.524646
      0.55   0.844434    0.38361    0.52756
      0.56    0.83925    0.38739   0.530094
      0.57   0.832697   0.392179   0.533224
      0.58   0.826393   0.395739   0.535189
      0.59   0.819675   0.400924   0.538469
       0.6   0.815196   0.405542   0.541633
      0.61   0.807026   0.410734   0.544398
      0.62   0.797362   0.416474   0.547159
      0.63   0.791846   0.420611   0.549396
      0.64   0.779321   0.425863   0.550761
      0.65   0.772313   0.429569    0.55207
      0.66   0.766506   0.436155    0.55596
      0.67   0.760493   0.440933   0.558214
      0.68   0.748341   0.446216   0.559072
      0.69   0.738802   0.449501   0.558935
       0.7   0.730134   0.456759   0.561964
      0.71   0.712052    0.46398   0.561852
      0.72   0.703011    0.46981   0.563226
      0.73   0.696458   0.477684    0.56669
      0.74   0.688869   0.482515   0.567516
      0.75   0.678417   0.490805   0.569559
      0.76   0.669667   0.496988   0.570548
      0.77   0.662533   0.508617   0.575461
      0.78   0.654487   0.515478   0.576724
      0.79   0.640635   0.523742   0.576321
       0.8   0.632921   0.531025   0.577513
      0.81   0.618198   0.541166   0.577123
      0.82   0.607664   0.551786   0.578379
      0.83   0.595679   0.558562   0.576523
      0.84   0.580085   0.567672   0.573811
      0.85    0.57403    0.57482   0.574425
      0.86   0.560343   0.583718   0.571792
      0.87   0.550763   0.590228   0.569813
      0.88   0.537326   0.597358   0.565754
      0.89   0.531685   0.604049   0.565562
       0.9   0.519824   0.613205   0.562667
      0.91   0.510119   0.623967   0.561329
      0.92   0.503193   0.632877   0.560634
      0.93   0.488885   0.639022   0.553961
      0.94   0.480508   0.639478   0.548711
      0.95   0.460849    0.64661    0.53815
      0.96   0.449278   0.653785   0.532574
      0.97   0.438081   0.661977   0.527244
      0.98   0.431611   0.665853   0.523734
      0.99   0.416722   0.668025   0.513264
