         0          1   0.339259   0.506637
      0.01   0.986007   0.777024    0.86913
      0.02   0.986007   0.777024    0.86913
      0.03   0.986007   0.777033   0.869135
      0.04   0.986007   0.777006   0.869118
      0.05   0.986007   0.776744   0.868954
      0.06   0.985427   0.776347   0.868481
      0.07   0.984886   0.776708   0.868496
      0.08   0.979358   0.777343   0.866735
      0.09   0.975145   0.777658   0.865276
       0.1   0.969617   0.779247   0.864071
      0.11   0.965133   0.782787   0.864449
      0.12    0.96034   0.784881   0.863791
      0.13   0.952377   0.786081   0.861275
      0.14   0.944221   0.788436   0.859325
      0.15   0.933089   0.794528   0.858252
      0.16   0.924778    0.79821   0.856845
      0.17   0.916042    0.80437   0.856581
      0.18   0.910591   0.807989   0.856228
      0.19   0.898724   0.812342   0.853352
       0.2   0.895593   0.815578   0.853715
      0.21   0.888751   0.817774   0.851787
      0.22   0.880441   0.820961   0.849661
      0.23   0.875609   0.821555   0.847721
      0.24   0.871009   0.824218   0.846968
      0.25   0.865868    0.82538   0.845139
      0.26   0.859026   0.828277   0.843371
      0.27   0.853614   0.829793   0.841535
      0.28   0.847352   0.831748   0.839478
      0.29    0.84511   0.835325   0.840189
       0.3   0.836104    0.83871   0.837405
      0.31   0.827947   0.841024   0.834435
      0.32   0.822227   0.842769   0.832371
      0.33   0.812408   0.844444   0.828117
      0.34   0.804561   0.846854   0.825166
      0.35   0.794704   0.849474   0.821177
      0.36   0.789293   0.851733   0.819325
      0.37   0.778083   0.854403   0.814459
      0.38   0.771202   0.855751    0.81128
      0.39   0.757673    0.85879   0.805069
       0.4   0.744414   0.859378   0.797776
      0.41   0.734983   0.861466   0.793214
      0.42    0.72184   0.864053    0.78657
      0.43   0.715269   0.866707   0.783739
      0.44   0.696482   0.871225   0.774115
      0.45   0.688713   0.874865   0.770708
      0.46   0.673985   0.880974   0.763703
      0.47   0.666254   0.885455   0.760372
      0.48   0.653266   0.896123   0.755662
      0.49   0.642752   0.897565   0.749082
       0.5   0.619521   0.901468   0.734362
      0.51   0.604445   0.904529   0.724649
      0.52   0.590452   0.907009   0.715271
      0.53   0.578237   0.908039   0.706547
      0.54   0.567762   0.908793   0.698894
      0.55   0.550599   0.910476   0.686217
      0.56   0.539544   0.911586   0.677873
      0.57   0.527329   0.912826   0.668483
      0.58   0.515848   0.913209   0.659284
      0.59   0.498492   0.912536   0.644767
       0.6   0.487128   0.911931   0.635037
      0.61   0.467337   0.909924   0.617517
      0.62   0.445381    0.90762   0.597541
      0.63   0.428025   0.905501   0.581281
      0.64   0.401971   0.904852   0.556655
      0.65   0.390723   0.903162   0.545467
      0.66   0.356629   0.898158    0.51054
      0.67    0.33622   0.895133    0.48883
      0.68   0.299729   0.889879   0.448421
      0.69   0.279822   0.883482   0.425027
       0.7   0.253228   0.874522   0.392735
      0.71   0.221299   0.858885   0.351922
      0.72   0.196985   0.847195   0.319647
      0.73   0.165249   0.841216   0.276235
      0.74   0.146734    0.83414   0.249566
      0.75   0.124159    0.82544   0.215851
      0.76   0.115037   0.818312   0.201717
      0.77   0.107151   0.812883   0.189344
      0.78  0.0982992   0.806291   0.175235
      0.79  0.0873212   0.798148    0.15742
       0.8  0.0814843   0.792157   0.147769
      0.81  0.0756475   0.780851   0.137932
      0.82  0.0687283   0.778291   0.126303
      0.83  0.0643216   0.775309   0.118788
      0.84  0.0597603   0.769444   0.110907
      0.85  0.0538462   0.765579   0.100616
      0.86  0.0492076   0.758389  0.0924186
      0.87  0.0452261   0.752727  0.0853256
      0.88  0.0386162   0.738197   0.073393
      0.89  0.0349053   0.733333  0.0666387
       0.9  0.0299575   0.755556    0.05763
      0.91  0.0261307   0.783951  0.0505755
      0.92  0.0252029   0.816327  0.0488963
      0.93  0.0220332   0.820313  0.0429138
      0.94  0.0194434   0.853448  0.0380206
      0.95  0.0175879   0.864078  0.0344742
      0.96  0.0165829      0.875   0.032549
      0.97  0.0142636     0.9125  0.0280882
      0.98  0.0134905   0.916667  0.0265897
      0.99  0.0109393   0.931034  0.0216245
