         0          1   0.393948   0.565226
      0.01    0.95469   0.421229   0.584545
      0.02    0.95469   0.421229   0.584545
      0.03    0.95469   0.421229   0.584545
      0.04    0.95469   0.421209   0.584525
      0.05    0.95469   0.421224    0.58454
      0.06   0.954584   0.421309   0.584602
      0.07   0.954584   0.421446   0.584734
      0.08   0.954549   0.421765   0.585034
      0.09   0.954478   0.422023   0.585269
       0.1   0.954478   0.422665   0.585886
      0.11   0.954089   0.423659   0.586767
      0.12   0.954089   0.424583   0.587652
      0.13   0.953983   0.425956   0.588946
      0.14   0.953664    0.42692   0.589806
      0.15   0.953594    0.42862   0.591412
      0.16   0.953063   0.429645   0.592286
      0.17   0.953028   0.432271   0.594769
      0.18    0.95278   0.434186    0.59653
      0.19    0.95225   0.436699   0.598793
       0.2   0.951259   0.438764   0.600535
      0.21     0.9485   0.441658   0.602684
      0.22    0.94422   0.444346   0.604308
      0.23   0.939728   0.446237   0.605126
      0.24   0.935731   0.448497   0.606364
      0.25   0.931982   0.449134   0.606155
      0.26    0.92604   0.452094   0.607571
      0.27   0.916384   0.454805   0.607905
      0.28   0.902059   0.458613   0.608076
      0.29   0.895727   0.461979   0.609568
       0.3   0.886319   0.467788   0.612373
      0.31   0.871746   0.471367   0.611881
      0.32   0.861347   0.473486   0.611066
      0.33   0.848437   0.478012   0.611502
      0.34   0.834394    0.48057   0.609879
      0.35   0.820317   0.486384   0.610682
      0.36   0.805001   0.489546   0.608839
      0.37   0.777801   0.494946   0.604943
      0.38   0.765563   0.498759    0.60401
      0.39   0.741865   0.507245   0.602521
       0.4   0.725948   0.511818   0.600361
      0.41   0.694928   0.518169   0.593671
      0.42   0.661786   0.528077   0.587419
      0.43   0.643994   0.534842   0.584365
      0.44   0.616016   0.542988   0.577201
      0.45   0.600983   0.547091   0.572772
      0.46   0.571201   0.553929   0.562433
      0.47   0.550085    0.55924   0.554625
      0.48   0.524441   0.567397   0.545074
      0.49    0.50955   0.571333   0.538676
       0.5   0.481607   0.576972   0.524994
      0.51   0.462224   0.583203   0.515713
      0.52   0.452214   0.587305   0.510982
      0.53   0.425474   0.593005   0.495461
      0.54   0.401351   0.596618   0.479881
      0.55   0.375035   0.601434   0.461989
      0.56   0.361418   0.606891    0.45304
      0.57   0.337436   0.611436   0.434876
      0.58   0.328947   0.610985   0.427652
      0.59   0.313066   0.610175   0.413814
       0.6   0.298175   0.608565   0.400244
      0.61   0.273345   0.611249   0.377759
      0.62   0.259302   0.617752   0.365279
      0.63   0.249116   0.617813   0.355063
      0.64   0.229874   0.616564   0.334891
      0.65   0.219687   0.614679   0.323688
      0.66    0.20087   0.612136   0.302482
      0.67   0.192876   0.612964   0.293424
      0.68   0.184812   0.616011   0.284323
      0.69   0.176075   0.612811   0.273552
       0.7    0.16603   0.613497   0.261335
      0.71   0.155383   0.609205   0.247611
      0.72   0.151174    0.61008   0.242306
      0.73   0.135505   0.604106   0.221358
      0.74   0.131508   0.599589   0.215706
      0.75   0.122312   0.586981    0.20244
      0.76   0.118315   0.582742   0.196695
      0.77   0.105475   0.560567   0.177544
      0.78   0.100347   0.550279    0.16974
      0.79   0.087118   0.534181   0.149805
       0.8  0.0766483   0.518707   0.133561
      0.81  0.0710243   0.504655   0.124523
      0.82  0.0617926   0.487805    0.10969
      0.83  0.0575481   0.475162   0.102662
      0.84  0.0516058   0.467136  0.0929439
      0.85  0.0496958   0.469849  0.0898846
      0.86  0.0463356   0.470588  0.0843644
      0.87  0.0435767   0.455927  0.0795501
      0.88  0.0408531   0.450172  0.0749083
      0.89  0.0384126   0.446494  0.0707393
       0.9  0.0325057   0.446281  0.0605976
      0.91  0.0301358   0.434579  0.0563632
      0.92  0.0291808   0.427861  0.0546354
      0.93  0.0269878   0.436464  0.0508325
      0.94  0.0245119    0.41358  0.0462808
      0.95  0.0201967   0.392593   0.038417
      0.96  0.0150679   0.372881  0.0289654
      0.97  0.0116723   0.373737  0.0226376
      0.98  0.0111064   0.380952  0.0215835
      0.99 0.00923175   0.304348  0.0179199
