         0          1   0.310743   0.474148
      0.01   0.952272    0.34785   0.509564
      0.02   0.952272    0.34785   0.509564
      0.03   0.952272    0.34785   0.509564
      0.04   0.952272    0.34785   0.509564
      0.05   0.952272    0.34785   0.509564
      0.06   0.952272   0.347897   0.509615
      0.07   0.952272   0.347961   0.509683
      0.08   0.952272   0.348169   0.509907
      0.09   0.952272   0.348826    0.51061
       0.1   0.952272   0.349539   0.511375
      0.11   0.952272   0.351099   0.513041
      0.12   0.952272   0.352492   0.514527
      0.13   0.952272   0.354873   0.517059
      0.14   0.952272   0.356268   0.518538
      0.15   0.952272   0.359087   0.521518
      0.16   0.952272   0.360916   0.523444
      0.17   0.952272   0.364496   0.527199
      0.18   0.952232    0.36719   0.530005
      0.19   0.952232   0.370575   0.533522
       0.2   0.952232   0.373458   0.536504
      0.21   0.952192   0.378009   0.541177
      0.22   0.952152   0.383562   0.546838
      0.23   0.951871   0.387449   0.550729
      0.24   0.951189   0.392667   0.555864
      0.25   0.950949   0.397036   0.560186
      0.26   0.950868   0.403816   0.566886
      0.27   0.949866   0.408022   0.570837
      0.28   0.949424   0.415057   0.577605
      0.29   0.948422   0.419256   0.581469
       0.3    0.94782   0.427122   0.588876
      0.31   0.944291   0.434359   0.595019
      0.32   0.941764   0.440076   0.599849
      0.33    0.94044   0.447967   0.606862
      0.34   0.939037   0.454226   0.612282
      0.35   0.936069   0.462408   0.619025
      0.36    0.93266   0.467078   0.622438
      0.37   0.930454   0.476065   0.629862
      0.38   0.928248   0.481908   0.634441
      0.39   0.924758   0.490744   0.641214
       0.4   0.921951   0.498043   0.646723
      0.41   0.919183   0.507038    0.65356
      0.42   0.916135   0.515149   0.659472
      0.43   0.914491   0.521856   0.664509
      0.44   0.910921   0.531386   0.671217
      0.45   0.909116   0.537826   0.675834
      0.46    0.90671   0.548122   0.683223
      0.47   0.903181   0.556586   0.688737
      0.48   0.900132   0.567338      0.696
      0.49   0.894718   0.573451   0.698934
       0.5   0.888782     0.5842      0.705
      0.51   0.879477   0.595499   0.710151
      0.52   0.874303   0.604404   0.714722
      0.53   0.868688   0.614022   0.719485
      0.54   0.864156   0.619488   0.721648
      0.55   0.857578    0.62956   0.726089
      0.56   0.850961   0.638637   0.729667
      0.57   0.844583   0.650379   0.734867
      0.58   0.837484   0.655137   0.735172
      0.59    0.82842   0.660932   0.735258
       0.6   0.823126   0.667345   0.737094
      0.61   0.813941     0.6744   0.737629
      0.62   0.804957   0.681313   0.737992
      0.63   0.795973   0.685457   0.736593
      0.64   0.785224   0.691269   0.735257
      0.65   0.777283   0.694752   0.733704
      0.66   0.766334   0.699462   0.731372
      0.67   0.758392   0.703937   0.730151
      0.68   0.737898   0.707828    0.72255
      0.69   0.732283   0.712153   0.722078
       0.7   0.714354   0.717448   0.715898
      0.71   0.701961   0.721401   0.711548
      0.72   0.692135   0.725198   0.708281
      0.73     0.6791   0.730231   0.703738
      0.74   0.670076   0.733745   0.700467
      0.75    0.66041   0.738817   0.697417
      0.76   0.649621   0.741638   0.692587
      0.77   0.636867   0.743667   0.686136
      0.78   0.628123   0.744864   0.681531
      0.79     0.6193   0.746988   0.677177
       0.8   0.610637   0.749853   0.673122
      0.81   0.593831    0.75221   0.663703
      0.82   0.583243   0.754729   0.657996
      0.83   0.576786   0.755885   0.654301
      0.84   0.561786   0.757291    0.64505
      0.85   0.555088   0.757153   0.640563
      0.86     0.5374     0.7555   0.628055
      0.87   0.528536   0.755354    0.62191
      0.88   0.519512   0.759561   0.617011
      0.89   0.513536    0.76017   0.612975
       0.9   0.499057   0.762269     0.6032
      0.91   0.482894   0.765664   0.592259
      0.92   0.474512   0.767234    0.58637
      0.93   0.467734    0.77014   0.581999
      0.94   0.462479   0.770749   0.578085
      0.95   0.449685   0.770911   0.568029
      0.96    0.44399   0.770585   0.563377
      0.97     0.4328   0.774529   0.555302
      0.98   0.420888      0.775   0.545516
      0.99   0.414952   0.773326   0.540098
