         0          1   0.172013   0.293534
      0.01   0.977912   0.217863   0.356339
      0.02   0.977912   0.217863   0.356339
      0.03   0.977912   0.217919   0.356414
      0.04   0.977912   0.218233   0.356835
      0.05   0.977912   0.218706   0.357467
      0.06   0.977912   0.219852   0.358995
      0.07   0.977912   0.221033   0.360569
      0.08   0.977912   0.223495   0.363838
      0.09   0.977912   0.225526   0.366525
       0.1   0.977912   0.229027   0.371134
      0.11   0.977912    0.23357   0.377077
      0.12   0.977912   0.237047   0.381594
      0.13   0.977912   0.243085    0.38938
      0.14   0.977912   0.247287   0.394752
      0.15   0.977912   0.253905   0.403138
      0.16    0.97619    0.25887   0.409222
      0.17    0.97619   0.267934   0.420464
      0.18    0.97619   0.274297   0.428259
      0.19   0.975975   0.283893   0.439843
       0.2   0.975688   0.290512   0.447717
      0.21   0.974613    0.30097   0.459914
      0.22   0.973035   0.311572   0.472005
      0.23   0.968804   0.318529   0.479429
      0.24   0.963784   0.329726   0.491353
      0.25   0.960843   0.336499   0.498439
      0.26   0.955106   0.346992   0.509046
      0.27   0.951664   0.354201   0.516256
      0.28   0.945783   0.364291   0.525986
      0.29    0.94399   0.372178   0.533872
       0.3   0.940763   0.382038   0.543403
      0.31   0.935456   0.393301   0.553774
      0.32   0.932587   0.400801    0.56065
      0.33   0.925416   0.411573   0.569753
      0.34   0.922476   0.418774   0.576043
      0.35   0.918388   0.430027   0.585772
      0.36   0.913511   0.437029   0.591216
      0.37   0.907129   0.449262   0.600916
      0.38   0.902754   0.456424   0.606305
      0.39   0.893718   0.465067    0.61178
       0.4   0.889487   0.471126   0.615988
      0.41    0.88418   0.479135   0.621488
      0.42   0.877653   0.489156   0.628192
      0.43   0.872705   0.495997   0.632511
      0.44   0.865677   0.503977   0.637068
      0.45    0.85327   0.509351   0.637908
      0.46   0.846601    0.51393   0.639594
      0.47   0.843876   0.519548   0.643137
      0.48   0.827453   0.525172   0.642536
      0.49   0.818847   0.527661   0.641769
       0.5   0.804217   0.532334   0.640622
      0.51   0.783563   0.535401   0.636136
      0.52   0.777539   0.537242   0.635431
      0.53   0.762335   0.543788   0.634777
      0.54   0.758749   0.546933    0.63566
      0.55   0.749355   0.553259   0.636547
      0.56   0.740032   0.554446   0.633936
      0.57   0.719306   0.560105   0.629801
      0.58   0.715935   0.565441   0.631851
      0.59   0.706038    0.57244   0.632259
       0.6   0.700516   0.578689   0.633802
      0.61   0.693847   0.583178   0.633717
      0.62   0.688396   0.588831   0.634733
      0.63   0.685671   0.590114   0.634314
      0.64   0.675057    0.59519   0.632613
      0.65     0.6714   0.597089   0.632068
      0.66   0.659495   0.599583   0.628113
      0.67   0.654834   0.600484   0.626482
      0.68   0.646658   0.601052   0.623022
      0.69   0.643144   0.603601   0.622745
       0.7   0.630594   0.605629   0.617859
      0.71   0.625861   0.605368   0.615444
      0.72   0.621558   0.605529   0.613439
      0.73   0.610155   0.605913   0.608027
      0.74    0.60578   0.607892   0.606834
      0.75   0.591007   0.607735   0.599254
      0.76   0.582473   0.606619   0.594301
      0.77   0.559739   0.602634   0.580395
      0.78   0.553643   0.601507   0.576583
      0.79   0.541021   0.593725   0.566149
       0.8   0.532702   0.588358   0.559148
      0.81   0.517355   0.582328   0.547922
      0.82   0.503299   0.579964   0.538919
      0.83   0.497633   0.576302   0.534087
      0.84   0.479346   0.570116   0.520806
      0.85   0.469449   0.564508   0.512609
      0.86   0.454461   0.556517   0.500338
      0.87    0.44062   0.550702   0.489549
      0.88    0.42434   0.543408   0.476549
      0.89   0.410284   0.537954   0.465524
       0.9   0.398021    0.53166   0.455235
      0.91   0.389917   0.525205   0.447561
      0.92   0.385829   0.521169   0.443401
      0.93   0.373853   0.513547   0.432704
      0.94   0.365247   0.509767   0.425572
      0.95   0.357645   0.503255   0.418136
      0.96   0.351119   0.497674   0.411744
      0.97   0.328528    0.48416   0.391442
      0.98   0.320281   0.476891   0.383202
      0.99   0.305579   0.464156   0.368533
