         0          1   0.171113   0.292223
      0.01   0.971423   0.142963   0.249245
      0.02   0.971423   0.142963   0.249245
      0.03   0.971423   0.142971   0.249257
      0.04   0.971423   0.143064   0.249399
      0.05   0.971423   0.143234   0.249657
      0.06   0.971423   0.143762   0.250459
      0.07   0.971423   0.144299   0.251273
      0.08   0.971423   0.145464   0.253037
      0.09   0.971423   0.146486   0.254582
       0.1   0.971137   0.148163   0.257101
      0.11   0.970756    0.15046   0.260538
      0.12   0.968946   0.151786   0.262457
      0.13   0.968375   0.154583   0.266607
      0.14   0.968375   0.156579   0.269571
      0.15   0.966946   0.159635   0.274029
      0.16   0.964374   0.162416   0.278011
      0.17   0.958754   0.167455   0.285112
      0.18   0.957706    0.17072   0.289783
      0.19    0.95161   0.177233   0.298813
       0.2    0.94599   0.181852   0.305061
      0.21   0.937702   0.189984   0.315954
      0.22   0.933511   0.197258   0.325695
      0.23   0.932368   0.203259   0.333758
      0.24   0.931034   0.212394   0.345883
      0.25    0.92551   0.219692   0.355094
      0.26   0.921128   0.230557   0.368803
      0.27   0.917699    0.23845   0.378542
      0.28    0.91246   0.250515   0.393103
      0.29   0.909316   0.258253   0.402261
       0.3   0.901886   0.270074   0.415673
      0.31    0.89579   0.282525   0.429568
      0.32   0.887026   0.290532   0.437701
      0.33   0.882073   0.303318    0.45141
      0.34   0.878929   0.312522   0.461093
      0.35   0.872261   0.323181   0.471622
      0.36    0.87007   0.332421   0.481051
      0.37   0.861021   0.343373   0.490954
      0.38   0.855211   0.350879   0.497601
      0.39   0.849876   0.360711   0.506464
       0.4   0.847971    0.36707   0.512352
      0.41   0.841303   0.374535   0.518321
      0.42   0.835397   0.381675   0.523962
      0.43   0.827777   0.385229   0.525774
      0.44   0.822442   0.390107     0.5292
      0.45   0.817489   0.394575    0.53225
      0.46   0.808154   0.398749   0.534013
      0.47   0.802534   0.403055   0.536609
      0.48   0.790817    0.40748   0.537834
      0.49   0.787388   0.410624   0.539761
       0.5   0.781673   0.414156   0.541439
      0.51   0.776243   0.415303   0.541106
      0.52    0.76948   0.416836   0.540744
      0.53    0.75262   0.418572   0.537957
      0.54   0.744523    0.41886   0.536111
      0.55   0.733092   0.421131   0.534953
      0.56   0.722614   0.421203   0.532195
      0.57   0.711088   0.419748   0.527889
      0.58   0.701372   0.421963   0.526918
      0.59   0.689465   0.421489   0.523158
       0.6   0.682701    0.42025    0.52025
      0.61   0.670223   0.417452   0.514466
      0.62   0.638407     0.4112   0.500212
      0.63   0.626215   0.410793   0.496129
      0.64   0.609259   0.408796   0.489291
      0.65   0.599448   0.407836   0.485417
      0.66   0.572585   0.403255   0.473228
      0.67   0.562774   0.403636   0.470103
      0.68   0.540293   0.397529   0.458045
      0.69   0.529244   0.394737     0.4522
       0.7   0.506477   0.390091    0.44073
      0.71   0.489617   0.385135   0.431136
      0.72   0.471995   0.384128   0.423552
      0.73   0.443418   0.379343   0.408885
      0.74   0.424652   0.376403   0.399074
      0.75   0.400743   0.372333   0.386016
      0.76    0.39579   0.372053   0.383555
      0.77   0.382454   0.373855   0.378105
      0.78     0.3755   0.373832   0.374664
      0.79   0.363974   0.371672   0.367783
       0.8   0.354829   0.370553   0.362521
      0.81   0.338826   0.366142   0.351955
      0.82   0.327396   0.365684   0.345482
      0.83   0.320061   0.366345   0.341643
      0.84    0.31225   0.367072   0.337449
      0.85   0.301391   0.365496   0.330362
      0.86   0.292722   0.362332   0.323829
      0.87   0.289579   0.364711   0.322831
      0.88   0.283864   0.361523   0.318021
      0.89   0.277862   0.360061   0.313666
       0.9   0.265384   0.354001   0.303353
      0.91    0.25262   0.342889   0.290912
      0.92   0.246523   0.340653   0.286043
      0.93   0.242237   0.341265   0.283348
      0.94   0.232997   0.336105    0.27521
      0.95   0.227853    0.33086   0.269861
      0.96   0.219661   0.324733   0.262057
      0.97   0.217851   0.321475   0.259708
      0.98   0.208611   0.312916   0.250333
      0.99   0.186512   0.298539   0.229588
