         0          1   0.391539   0.562742
      0.01   0.878574   0.480149   0.620945
      0.02   0.878574   0.480149   0.620945
      0.03   0.878574   0.480149   0.620945
      0.04   0.878574   0.480253   0.621033
      0.05   0.878574   0.480219   0.621004
      0.06   0.878574   0.480197   0.620986
      0.07   0.878189   0.480147   0.620847
      0.08   0.877803   0.480202   0.620797
      0.09   0.877558   0.480256   0.620781
       0.1   0.876507   0.480467   0.620694
      0.11   0.874544   0.480631   0.620338
      0.12   0.872267   0.480672   0.619798
      0.13   0.870795   0.480486   0.619271
      0.14   0.870129   0.480252   0.618909
      0.15   0.868131   0.481168   0.619162
      0.16    0.86659   0.481228   0.618819
      0.17   0.860107   0.481858   0.617675
      0.18   0.857969   0.482284   0.617472
      0.19    0.85457    0.48237    0.61666
       0.2   0.848507   0.483502   0.615994
      0.21   0.842234   0.483895   0.614651
      0.22   0.835962    0.48443   0.613401
      0.23   0.829689   0.485772   0.612773
      0.24   0.817984   0.487091    0.61059
      0.25   0.809118   0.488089    0.60888
      0.26   0.803441   0.490145   0.608854
      0.27   0.797799   0.492279   0.608862
      0.28   0.789389   0.493462   0.607294
      0.29   0.783186   0.495917   0.607293
       0.3   0.775652   0.500341   0.608296
      0.31   0.766926   0.502064   0.606854
      0.32   0.760303   0.504414   0.606472
      0.33   0.751156   0.507738   0.605914
      0.34   0.745094   0.510257    0.60571
      0.35   0.732794   0.514126   0.604287
      0.36   0.724383   0.517275   0.603556
      0.37   0.708579   0.521831   0.601033
      0.38   0.700834   0.525421   0.600581
      0.39   0.692494   0.531919   0.601677
       0.4    0.68531   0.535546   0.601242
      0.41   0.675077   0.542396   0.601507
      0.42   0.662742   0.550769   0.601589
      0.43   0.656049   0.556334   0.602091
      0.44   0.645465    0.56558   0.602888
      0.45   0.640524   0.571156   0.603855
      0.46   0.624089   0.582132   0.602381
      0.47    0.62097   0.590183   0.605185
      0.48   0.610842   0.601015   0.605889
      0.49   0.606707   0.609959   0.608329
       0.5   0.596965    0.62112   0.608803
      0.51   0.587539    0.63387   0.609825
      0.52   0.575378   0.642323   0.607011
      0.53   0.561606   0.653143   0.603926
      0.54   0.550743   0.661982   0.601261
      0.55   0.541351   0.671821    0.59957
      0.56   0.534973   0.680023    0.59884
      0.57   0.522323   0.688166   0.593884
      0.58   0.512896    0.69674   0.590847
      0.59   0.498178   0.705895    0.58412
       0.6   0.490959   0.713102   0.581538
      0.61   0.477257   0.727033   0.576243
      0.62   0.463485    0.73946   0.569816
      0.63   0.457843   0.747238   0.567792
      0.64   0.446138   0.756667   0.561318
      0.65   0.436606   0.767254   0.556523
      0.66   0.425182   0.778764   0.550052
      0.67   0.416737   0.787166   0.544963
      0.68    0.40703   0.797111   0.538887
      0.69   0.394414   0.801047   0.528573
       0.7   0.386004   0.809751   0.522794
      0.71   0.376262   0.820216   0.515874
      0.72   0.368727   0.824779   0.509622
      0.73   0.355481   0.833052   0.498319
      0.74   0.348963   0.836833   0.492536
      0.75   0.340307   0.846083   0.485385
      0.76   0.331932   0.850262   0.477466
      0.77   0.323346   0.859296    0.46988
      0.78   0.314445   0.867224   0.461541
      0.79    0.30628   0.872937   0.453459
       0.8   0.299937   0.873858    0.44659
      0.81   0.292052   0.881753   0.438774
      0.82   0.283887   0.886721   0.430082
      0.83   0.278981    0.88982   0.424782
      0.84   0.272288   0.895792   0.417631
      0.85   0.265805   0.896907   0.410079
      0.86   0.261494   0.902299   0.405478
      0.87   0.257499   0.908012   0.401219
      0.88   0.248528    0.91284   0.390688
      0.89   0.243727    0.91273   0.384722
       0.9   0.235983   0.915693   0.375258
      0.91   0.229359   0.921998   0.367338
      0.92   0.225855   0.923423    0.36294
      0.93   0.215412   0.925785   0.349502
      0.94   0.210716   0.929412   0.343544
      0.95   0.202761   0.935349   0.333276
      0.96   0.196594   0.938776   0.325106
      0.97   0.192669   0.943207   0.319976
      0.98   0.187272   0.945412   0.312619
      0.99   0.179668   0.946012   0.301983
