         0          1   0.216663    0.35616
      0.01   0.998007    0.69895   0.822127
      0.02   0.998007    0.69895   0.822127
      0.03   0.998007    0.69895   0.822127
      0.04   0.998007   0.699244    0.82233
      0.05   0.998007   0.699636   0.822601
      0.06   0.998007   0.700126    0.82294
      0.07   0.998007   0.700126    0.82294
      0.08   0.998007   0.700154    0.82296
      0.09   0.998007   0.700365   0.823105
       0.1   0.998007   0.700366   0.823105
      0.11   0.997554    0.70031   0.822913
      0.12   0.997554   0.700395   0.822971
      0.13   0.997554   0.700579   0.823098
      0.14   0.997554   0.700622   0.823128
      0.15   0.997554   0.700907   0.823325
      0.16   0.997554   0.701234   0.823551
      0.17   0.997554   0.701053   0.823426
      0.18   0.997283   0.701041   0.823325
      0.19   0.995924   0.700874   0.822747
       0.2   0.995924   0.700849   0.822729
      0.21   0.995335   0.702319    0.82354
      0.22    0.99529   0.703466   0.824312
      0.23   0.995245   0.704316    0.82488
      0.24   0.995154    0.70551   0.825667
      0.25   0.994746   0.706336   0.826092
      0.26   0.993931   0.707423   0.826553
      0.27    0.99212   0.710558   0.828059
      0.28   0.991395    0.71235   0.829021
      0.29   0.990761   0.713345   0.829472
       0.3    0.98981   0.715835   0.830818
      0.31   0.988904   0.720276    0.83348
      0.32   0.987862   0.721529   0.833947
      0.33   0.986594   0.724557   0.835512
      0.34   0.986005   0.726395   0.836521
      0.35   0.984737   0.729167   0.837897
      0.36   0.984466   0.731659   0.839442
      0.37   0.983786   0.734894   0.841318
      0.38   0.982292   0.735963    0.84147
      0.39   0.980254   0.739601    0.84309
       0.4   0.975906   0.740791   0.842248
      0.41   0.975045    0.74431   0.844196
      0.42   0.974366   0.747906   0.846248
      0.43   0.973053   0.750705   0.847538
      0.44   0.970516   0.754383   0.848909
      0.45   0.969882   0.756674   0.850114
      0.46   0.967708   0.758999    0.85074
      0.47   0.966123    0.76093   0.851337
      0.48   0.964583   0.764595   0.853025
      0.49   0.963179   0.765663   0.853139
       0.5   0.961051   0.768862    0.85428
      0.51   0.954755   0.772088    0.85376
      0.52   0.952899   0.775183   0.854903
      0.53   0.947011   0.782144   0.856718
      0.54   0.944475   0.784386   0.857018
      0.55   0.940625   0.790765    0.85921
      0.56   0.934556   0.794353    0.85877
      0.57   0.926947     0.7997   0.858635
      0.58   0.924094   0.804703   0.860276
      0.59   0.920562    0.81189   0.862817
       0.6   0.915217    0.81712   0.863391
      0.61   0.908333   0.823381   0.863774
      0.62   0.898822   0.829405    0.86272
      0.63   0.891168   0.834123   0.861703
      0.64   0.883605   0.841293    0.86193
      0.65   0.879484   0.847321   0.863103
      0.66   0.868116   0.851096   0.859522
      0.67   0.863361   0.854839   0.859078
      0.68   0.855208    0.86019   0.857692
      0.69   0.851585   0.863861   0.857679
       0.7   0.844112   0.867705   0.855746
      0.71   0.837228   0.872312    0.85441
      0.72    0.83365   0.877829    0.85517
      0.73   0.827446   0.882696   0.854178
      0.74   0.821875   0.885994   0.852731
      0.75   0.815172   0.890028   0.850957
      0.76   0.813089   0.895557   0.852333
      0.77   0.807201   0.902676   0.852273
      0.78   0.805752    0.91031   0.854846
      0.79   0.802083   0.917908   0.856096
       0.8   0.799185   0.925355   0.857654
      0.81   0.794792   0.934529   0.859015
      0.82   0.788813    0.94294   0.859018
      0.83   0.786232   0.946802   0.859078
      0.84    0.77971   0.949186   0.856142
      0.85   0.778442   0.951228   0.856205
      0.86   0.773732   0.953968   0.854449
      0.87    0.76567   0.956324   0.850443
      0.88   0.751178   0.958363   0.842216
      0.89   0.744701   0.959795   0.838677
       0.9   0.735734   0.962547   0.833994
      0.91   0.723188   0.965957   0.827127
      0.92   0.715399   0.968787   0.823031
      0.93   0.697237   0.969943   0.811287
      0.94   0.688904   0.970211   0.805709
      0.95    0.67183    0.97437   0.795299
      0.96   0.661685   0.973845   0.787975
      0.97   0.642572   0.975817   0.774885
      0.98   0.634737   0.978082   0.769863
      0.99   0.623822   0.979439   0.762191
