         0          1   0.205491   0.340925
      0.01    0.95417    0.30151   0.458225
      0.02    0.95417    0.30151   0.458225
      0.03    0.95417    0.30151   0.458225
      0.04    0.95417   0.301526   0.458243
      0.05    0.95417    0.30163   0.458363
      0.06    0.95417   0.301952   0.458735
      0.07    0.95417   0.302276   0.459109
      0.08    0.95417   0.303524   0.460547
      0.09    0.95417   0.304475   0.461641
       0.1    0.95417     0.3066    0.46408
      0.11    0.95417   0.308839   0.466639
      0.12    0.95417   0.310574   0.468618
      0.13   0.954004   0.314581   0.473144
      0.14   0.953921   0.317764   0.476725
      0.15   0.953171   0.323114   0.482624
      0.16   0.952504    0.32758   0.487501
      0.17   0.948838   0.333711   0.493763
      0.18   0.947088   0.339201   0.499504
      0.19   0.943505   0.345924   0.506242
       0.2   0.940005   0.351658   0.511837
      0.21   0.933922   0.362583   0.522365
      0.22   0.927339    0.37398   0.533007
      0.23    0.92284   0.382761   0.541095
      0.24    0.91559   0.398674   0.555477
      0.25   0.910841   0.408375   0.563918
      0.26   0.906091   0.420432   0.574359
      0.27   0.893676   0.428694   0.579435
      0.28   0.886009   0.443552   0.591159
      0.29    0.88026   0.451145    0.59655
       0.3   0.869094   0.464384   0.605325
      0.31   0.845263   0.475789   0.608859
      0.32   0.832514   0.483161   0.611456
      0.33   0.811266   0.495449   0.615193
      0.34   0.799683   0.508046   0.621346
      0.35   0.776769    0.52041   0.623258
      0.36   0.757604   0.528115   0.622378
      0.37   0.731272   0.540878   0.621827
      0.38   0.709608    0.54314   0.615314
      0.39   0.678693   0.547473   0.606062
       0.4   0.659778   0.552617   0.601462
      0.41    0.63778   0.552044   0.591823
      0.42   0.603033   0.544312    0.57217
      0.43   0.577785   0.540692   0.558623
      0.44   0.541372   0.534329   0.537827
      0.45    0.51604   0.534087   0.524908
      0.46   0.487709   0.525171   0.505747
      0.47   0.454879    0.52071   0.485573
      0.48   0.435547   0.518468   0.473404
      0.49   0.427048   0.519212   0.468642
       0.5   0.406216   0.510449   0.452407
      0.51   0.375635   0.493528   0.426586
      0.52   0.365636   0.488372   0.418184
      0.53   0.333389   0.474416   0.391592
      0.54    0.32239   0.465347   0.380896
      0.55   0.295475   0.445637   0.355343
      0.56   0.288393    0.44403   0.349675
      0.57   0.268144   0.425822    0.32907
      0.58   0.246479   0.413823   0.308946
      0.59   0.227398   0.390858   0.287519
       0.6   0.204566   0.379722    0.26589
      0.61   0.179235   0.373118   0.242149
      0.62   0.160487   0.358534   0.221725
      0.63   0.147488    0.35206   0.207886
      0.64   0.129739   0.340511    0.18789
      0.65    0.11674   0.339156   0.173694
      0.66   0.109824   0.345912   0.166717
      0.67  0.0985751   0.335526   0.152382
      0.68  0.0888259   0.317774   0.138842
      0.69  0.0815765   0.314607   0.129559
       0.7  0.0664945   0.305499   0.109217
      0.71  0.0646613   0.315217    0.10731
      0.72  0.0618282   0.317352   0.103493
      0.73  0.0604116   0.322738   0.101773
      0.74  0.0585785   0.324808  0.0992563
      0.75  0.0531622   0.327778  0.0914863
      0.76  0.0514124    0.34139  0.0893664
      0.77  0.0514124   0.353312  0.0897629
      0.78  0.0505791   0.358306   0.088645
      0.79  0.0488293   0.381625  0.0865805
       0.8  0.0454962    0.37218  0.0810809
      0.81  0.0430797   0.386266  0.0775144
      0.82  0.0338305   0.408867  0.0624904
      0.83  0.0338305   0.425532   0.062678
      0.84  0.0331639    0.44186  0.0616971
      0.85  0.0331639    0.45509  0.0618226
      0.86   0.032414   0.471831  0.0606607
      0.87   0.032414   0.496296  0.0608535
      0.88  0.0315807   0.556522  0.0597697
      0.89  0.0315807   0.633663   0.060163
       0.9  0.0291642   0.666667  0.0558838
      0.91  0.0271644   0.694118  0.0522827
      0.92  0.0265811      0.725  0.0512821
      0.93  0.0265811    0.84058  0.0515327
      0.94  0.0265811   0.892308  0.0516244
      0.95  0.0262478   0.919355  0.0510385
      0.96  0.0262478   0.982759    0.05113
      0.97  0.0262478          1   0.051153
      0.98  0.0258312          1  0.0503615
      0.99  0.0258312          1  0.0503615
