         0          1   0.214804   0.353644
      0.01   0.942301   0.466938   0.624445
      0.02   0.942301   0.466983   0.624485
      0.03   0.942301   0.467254   0.624728
      0.04   0.942301   0.469895   0.627083
      0.05   0.942301   0.473261   0.630074
      0.06   0.942301   0.479976   0.635997
      0.07   0.942301   0.484992   0.640385
      0.08   0.942301   0.494397    0.64853
      0.09   0.942301   0.501515   0.654623
       0.1   0.942077   0.510481   0.662159
      0.11   0.941927   0.517204   0.667751
      0.12   0.941554   0.522745   0.672257
      0.13    0.94036   0.531458   0.679108
      0.14   0.939016   0.539778   0.685505
      0.15   0.932821   0.548873   0.691101
      0.16   0.929313   0.556032   0.695768
      0.17   0.921176   0.568563   0.703139
      0.18   0.916698   0.576421   0.707785
      0.19   0.905128   0.586467   0.711759
       0.2   0.897962   0.594873    0.71565
      0.21   0.881914   0.607731    0.71959
      0.22   0.871986   0.620003   0.724716
      0.23   0.863999   0.626504   0.726331
      0.24   0.852654   0.640193   0.731304
      0.25   0.843846   0.648086   0.733123
      0.26   0.839068   0.656159   0.736426
      0.27   0.830261   0.658646   0.734563
      0.28   0.817347   0.664234   0.732879
      0.29   0.815556   0.668165    0.73454
       0.3    0.80936   0.673568   0.735247
      0.31   0.801672   0.677746   0.734518
      0.32   0.796596    0.68048   0.733974
      0.33   0.789953    0.68677   0.734757
      0.34   0.785997   0.689436   0.734556
      0.35   0.782414   0.693294   0.735163
      0.36   0.778906    0.69768   0.736059
      0.37   0.775472   0.703073     0.7375
      0.38   0.768829   0.707276   0.736769
      0.39   0.756513     0.7135   0.734377
       0.4    0.75084   0.718638   0.734386
      0.41   0.736657   0.724657   0.730608
      0.42   0.728447   0.728111   0.728279
      0.43   0.724938    0.73162   0.728264
      0.44   0.713369   0.736207   0.724608
      0.45    0.70471   0.738298   0.721113
      0.46   0.694409     0.7442   0.718443
      0.47   0.686945   0.747967   0.716159
      0.48   0.674927   0.752681   0.711687
      0.49   0.667985   0.756865   0.709653
       0.5   0.654027   0.763516   0.704543
      0.51   0.642084   0.773818   0.701823
      0.52   0.636336   0.777736   0.699967
      0.53   0.625812   0.783165   0.695702
      0.54   0.617228   0.789791   0.692927
      0.55   0.601254   0.795858   0.685003
      0.56   0.588415   0.804214   0.679595
      0.57   0.581473    0.81449   0.678534
      0.58   0.569157   0.816881   0.670882
      0.59   0.551765   0.824763   0.661193
       0.6   0.542957   0.832985   0.657405
      0.61   0.523401   0.840022   0.644948
      0.62    0.49944   0.846154   0.628129
      0.63   0.478615    0.85252   0.613054
      0.64   0.461447   0.857237   0.599945
      0.65   0.449653   0.860178   0.590582
      0.66   0.429126   0.861694   0.572931
      0.67   0.416063   0.862172   0.561271
      0.68   0.394491   0.867089   0.542271
      0.69   0.387773   0.867816   0.536029
       0.7   0.373143   0.870608    0.52239
      0.71   0.362245    0.87746   0.512792
      0.72   0.349033   0.880184   0.499852
      0.73   0.338733   0.885467   0.490012
      0.74   0.333508   0.891089    0.48536
      0.75   0.328133   0.900308   0.480969
      0.76   0.324252   0.906681   0.477675
      0.77   0.319475   0.910088   0.472932
      0.78   0.315369   0.911765   0.468641
      0.79   0.310368   0.913652   0.463339
       0.8   0.307158   0.919664   0.460511
      0.81   0.298276   0.920792    0.45059
      0.82   0.293648   0.921995    0.44543
      0.83   0.290587   0.924703    0.44221
      0.84   0.283422   0.923717   0.433755
      0.85   0.270956   0.924177   0.419052
      0.86   0.265656    0.92489   0.412757
      0.87    0.26379   0.928251   0.410831
      0.88   0.261327   0.931889   0.408187
      0.89   0.259685   0.933333   0.406318
       0.9   0.250952   0.935323   0.395728
      0.91   0.242218   0.937608   0.384982
      0.92   0.241621   0.946714   0.384986
      0.93   0.234605   0.953271   0.376541
      0.94   0.232589    0.96124    0.37455
      0.95   0.222811    0.96146   0.361782
      0.96   0.218183   0.966736   0.356017
      0.97    0.21475   0.978118   0.352177
      0.98   0.211167   0.984163   0.347724
      0.99   0.205494   0.995238   0.340651
