         0          1   0.406617   0.578148
      0.01   0.917314    0.57466   0.706639
      0.02   0.917314    0.57466   0.706639
      0.03   0.917314   0.574639   0.706623
      0.04   0.917314   0.574667   0.706644
      0.05   0.917314   0.574785   0.706733
      0.06   0.917314   0.575154   0.707013
      0.07   0.917274   0.575403   0.707189
      0.08   0.917195   0.576583   0.708056
      0.09   0.917195   0.577701   0.708898
       0.1    0.91672   0.578953   0.709697
      0.11   0.916402   0.581268   0.711339
      0.12   0.915927   0.583689   0.713004
      0.13   0.915094   0.587496   0.715583
      0.14   0.914183   0.588518   0.716061
      0.15   0.911765   0.591087   0.717213
      0.16   0.908792   0.592663   0.717447
      0.17   0.898724   0.594211   0.715412
      0.18   0.887387    0.59499   0.712351
      0.19   0.868717   0.597155   0.707782
       0.2   0.855637   0.598958    0.70465
      0.21   0.829039   0.600712   0.696644
      0.22   0.807991   0.602288   0.690138
      0.23    0.79499   0.605087   0.687159
      0.24   0.777271   0.608876   0.682845
      0.25   0.763715   0.611549   0.679214
      0.26   0.746789   0.615457   0.674793
      0.27   0.736602    0.61628   0.671091
      0.28   0.714206   0.616548   0.661794
      0.29   0.701879   0.619769   0.658273
       0.3    0.68753   0.624795   0.654663
      0.31   0.670049   0.628686   0.648709
      0.32     0.6601   0.631714   0.645595
      0.33   0.644244   0.634523   0.639347
      0.34   0.632115   0.635352   0.633729
      0.35   0.605835   0.637017   0.621035
      0.36   0.591763   0.639358    0.61464
      0.37   0.569169   0.644525   0.604508
      0.38   0.557951     0.6486    0.59987
      0.39   0.539004    0.65144   0.589912
       0.4    0.53068    0.65357   0.585749
      0.41   0.516173   0.661929   0.580034
      0.42   0.501189   0.664406    0.57137
      0.43   0.489139    0.66693   0.564363
      0.44   0.473244   0.673154   0.555769
      0.45    0.45723   0.674558   0.545028
      0.46   0.441414   0.674929   0.533749
      0.47   0.430553   0.678317   0.526755
      0.48    0.41339   0.680683   0.514385
      0.49   0.403837   0.681718   0.507211
       0.5   0.386277    0.68724   0.494571
      0.51   0.361027   0.692405   0.474596
      0.52   0.354368     0.7001   0.470556
      0.53   0.338671   0.702646   0.457048
      0.54    0.33225   0.708517   0.452368
      0.55   0.317663   0.710134   0.438965
      0.56   0.307991   0.708778   0.429394
      0.57   0.292334   0.709282   0.414025
      0.58   0.283772   0.709589   0.405415
      0.59   0.272435   0.712262   0.394122
       0.6    0.25983   0.711054   0.380588
      0.61   0.240725   0.706305    0.35907
      0.62   0.224037   0.704654   0.339981
      0.63   0.213414    0.70466   0.327608
      0.64   0.197162   0.701299   0.307792
      0.65   0.192921   0.703994   0.302849
      0.66   0.186103   0.701807   0.294193
      0.67   0.178571   0.697017   0.284306
      0.68   0.172546     0.6925   0.276259
      0.69   0.165213   0.688097   0.266451
       0.7    0.15574   0.681818   0.253561
      0.71   0.146821   0.679397   0.241461
      0.72   0.140082   0.674814   0.232004
      0.73   0.131045   0.667447   0.219077
      0.74   0.125535   0.661692   0.211033
      0.75   0.108847   0.657682   0.186782
      0.76   0.102584    0.65616   0.177429
      0.77  0.0901379   0.660465   0.158627
      0.78  0.0876407   0.663446   0.154829
      0.79  0.0809814   0.674825   0.144609
       0.8   0.079713   0.687616   0.142864
      0.81  0.0743618   0.682186   0.134105
      0.82  0.0705565   0.669546    0.12766
      0.83  0.0657999   0.659091   0.119654
      0.84   0.060528   0.646192   0.110688
      0.85  0.0551768   0.638021    0.10157
      0.86  0.0463374   0.618768  0.0862182
      0.87  0.0428492   0.610224  0.0800756
      0.88  0.0371413   0.587814  0.0698679
      0.89  0.0338513   0.582375  0.0639834
       0.9  0.0317108   0.569038  0.0600739
      0.91  0.0292928    0.58209  0.0557787
      0.92  0.0275488   0.570652  0.0525601
      0.93  0.0233074    0.55414  0.0447334
      0.94  0.0216823   0.580882  0.0418041
      0.95  0.0200967        0.6  0.0388908
      0.96  0.0162121   0.578947  0.0315411
      0.97  0.0137942   0.589744  0.0269578
      0.98  0.0137942   0.616438  0.0269846
      0.99  0.0131996   0.661538  0.0258828
