         0          1   0.364376   0.534128
      0.01   0.952966   0.406059   0.569467
      0.02   0.952966   0.406059   0.569467
      0.03   0.952966   0.406059   0.569467
      0.04   0.952966   0.406059   0.569467
      0.05   0.952966   0.406074   0.569483
      0.06   0.952966   0.406321   0.569726
      0.07   0.952966   0.406577   0.569977
      0.08   0.952914   0.407496    0.57087
      0.09   0.952914   0.407896   0.571263
       0.1   0.952862   0.408918   0.572255
      0.11   0.952551   0.409951   0.573209
      0.12    0.95193   0.410831   0.573956
      0.13   0.951515   0.412239   0.575252
      0.14   0.951256   0.413227   0.576167
      0.15   0.950376   0.414971   0.577697
      0.16   0.949547    0.41685   0.579361
      0.17   0.948355   0.420389   0.582545
      0.18   0.946439   0.422152   0.583872
      0.19   0.945196   0.425445   0.586775
       0.2   0.944211   0.427624   0.588652
      0.21   0.942295    0.43177   0.592192
      0.22   0.940016   0.436179   0.595867
      0.23   0.937477   0.438288   0.597318
      0.24   0.927998   0.441987   0.598785
      0.25   0.924424   0.445006   0.600796
      0.26   0.912458   0.448763   0.601633
      0.27   0.906708   0.452158   0.603408
      0.28   0.897798   0.457633   0.606245
      0.29   0.887905   0.460993   0.606892
       0.3   0.878891   0.465927   0.609003
      0.31   0.865372   0.472313   0.611095
      0.32   0.854856    0.47667   0.612056
      0.33   0.836105   0.482705   0.612055
      0.34    0.82647   0.486394   0.612387
      0.35   0.810671   0.491738   0.612155
      0.36   0.802901   0.496373   0.613478
      0.37   0.789174   0.503522   0.614787
      0.38   0.775032    0.50819   0.613867
      0.39   0.762963   0.515952   0.615604
       0.4   0.752551   0.521024   0.615742
      0.41   0.736597   0.527409   0.614693
      0.42   0.719503   0.535293   0.613876
      0.43   0.711577   0.541247   0.614833
      0.44   0.698783   0.547963    0.61425
      0.45   0.686506   0.554046   0.613204
      0.46   0.672209   0.560608   0.611357
      0.47   0.659622    0.56663     0.6096
      0.48   0.644289   0.574151   0.607201
      0.49   0.630458   0.580366   0.604376
       0.5   0.613002   0.589094    0.60081
      0.51   0.593939        0.6   0.596954
      0.52   0.580886   0.607327   0.593812
      0.53   0.563222   0.617374   0.589056
      0.54   0.548148   0.622399   0.582919
      0.55   0.533178    0.63519    0.57973
      0.56    0.52085   0.644531   0.576127
      0.57   0.512665   0.658249   0.576407
      0.58   0.504584   0.668257      0.575
      0.59   0.491323   0.680112   0.570505
       0.6    0.48174   0.688322   0.566795
      0.61   0.469464   0.702145   0.562699
      0.62   0.458016   0.712406   0.557565
      0.63   0.447811   0.718304   0.551686
      0.64   0.433204   0.728253   0.543252
      0.65   0.423932   0.734599   0.537612
      0.66   0.411551   0.741212   0.529245
      0.67   0.405076   0.746915   0.525278
      0.68   0.393473   0.758478   0.518148
      0.69   0.384253   0.766249   0.511835
       0.7   0.374307   0.780612    0.50599
      0.71   0.362186   0.789324   0.496534
      0.72   0.352499   0.793205   0.488091
      0.73     0.3367   0.800068   0.473946
      0.74   0.329863   0.804164   0.467826
      0.75   0.317897   0.811223    0.45679
      0.76    0.31308   0.815113   0.452397
      0.77   0.302305   0.824818   0.442448
      0.78   0.296762   0.831109   0.437358
      0.79   0.288992   0.833699   0.429206
       0.8   0.284797    0.83871   0.425208
      0.81   0.276353   0.843541   0.416317
      0.82   0.268583   0.849975   0.408184
      0.83   0.265475   0.851119   0.404715
      0.84   0.259829   0.850109    0.39801
      0.85   0.253768       0.85   0.390849
      0.86   0.250091   0.849852   0.386457
      0.87   0.245791   0.855734   0.381892
      0.88   0.232738   0.856957   0.366059
      0.89   0.228542   0.863606   0.361435
       0.9   0.217871   0.867238   0.348253
      0.91   0.209583    0.87226   0.337962
      0.92   0.206682   0.873339   0.334259
      0.93   0.201243    0.87623   0.327313
      0.94   0.195131   0.877655   0.319276
      0.95   0.188604   0.884372   0.310904
      0.96   0.186014   0.888683   0.307635
      0.97   0.177001   0.894892   0.295546
      0.98   0.172494   0.894898   0.289237
      0.99   0.167521   0.901302    0.28253
