         0          1   0.374026   0.544424
      0.01   0.750223   0.331769   0.460079
      0.02   0.750223   0.331769   0.460079
      0.03   0.750223   0.331769   0.460079
      0.04   0.750223   0.331769   0.460079
      0.05   0.750223   0.331827   0.460135
      0.06   0.750223   0.332017   0.460317
      0.07   0.750223   0.332162   0.460457
      0.08   0.750223   0.332893   0.461159
      0.09   0.750223   0.333304   0.461553
       0.1   0.750164   0.334233   0.462432
      0.11   0.750164   0.335692   0.463826
      0.12   0.750164   0.336714   0.464801
      0.13   0.750164   0.338815   0.466798
      0.14   0.750164   0.340268   0.468176
      0.15   0.749806   0.343648   0.471295
      0.16   0.749806   0.345653   0.473177
      0.17   0.749568   0.349411   0.476638
      0.18   0.748674   0.351507   0.478402
      0.19   0.746946   0.355712   0.481922
       0.2    0.74647   0.358917   0.484755
      0.21   0.745338    0.36433   0.489424
      0.22   0.742775    0.37063    0.49451
      0.23   0.741584   0.374212    0.49742
      0.24   0.739022   0.381297   0.503047
      0.25   0.736281    0.38635   0.506777
      0.26   0.734672   0.393226   0.512266
      0.27   0.731454   0.398275   0.515734
      0.28   0.726569   0.405425   0.520443
      0.29   0.718942   0.409975   0.522179
       0.3   0.710421   0.417917   0.526256
      0.31   0.699815   0.425861   0.529502
      0.32   0.695287   0.431621   0.532609
      0.33   0.685634   0.440467   0.536363
      0.34   0.680868   0.446503   0.539324
      0.35   0.672168   0.455418   0.542961
      0.36   0.663469   0.463512   0.545752
      0.37   0.652684   0.471635   0.547582
      0.38   0.642376   0.478551   0.548492
      0.39   0.630161   0.491299   0.552133
       0.4   0.622475   0.500654   0.554958
      0.41   0.610082   0.511463   0.556436
      0.42    0.59745   0.523847   0.558233
      0.43   0.588691    0.53174   0.558768
      0.44   0.576953   0.546483   0.561305
      0.45   0.567658   0.554803   0.561157
      0.46   0.554192   0.568271   0.561143
      0.47   0.548055   0.577063   0.562185
      0.48    0.53578   0.591145   0.562103
      0.49   0.526247   0.600496   0.560925
       0.5   0.511947    0.61447   0.558543
      0.51   0.497527   0.627303   0.554929
      0.52   0.488768   0.635946   0.552728
      0.53   0.477507   0.648453   0.550003
      0.54   0.467854    0.65494    0.54581
      0.55   0.456057   0.670009   0.542707
      0.56   0.442829   0.680382   0.536485
      0.57   0.428648   0.694755   0.530184
      0.58   0.421379   0.702634   0.526818
      0.59    0.40684   0.714286   0.518408
       0.6   0.392183   0.721526   0.508158
      0.61   0.376393   0.735276   0.497905
      0.62   0.356551   0.743279   0.481924
      0.63   0.338616   0.753103   0.467177
      0.64   0.316451   0.763217   0.447398
      0.65   0.301436   0.766157   0.432651
      0.66   0.284991   0.778723   0.417272
      0.67   0.274325   0.785361   0.406619
      0.68   0.257046    0.79055    0.38795
      0.69   0.246976   0.792308   0.376569
       0.7   0.229637   0.808013   0.357635
      0.71   0.215158   0.815854   0.340515
      0.72    0.20348   0.821452   0.326166
      0.73   0.191444   0.833809   0.311392
      0.74   0.183877    0.83473   0.301367
      0.75   0.173628   0.841584   0.287866
      0.76   0.165286   0.847902   0.276645
      0.77    0.14759   0.850144   0.251515
      0.78   0.141214   0.854418   0.242371
      0.79   0.135137       0.86   0.233571
       0.8   0.132396   0.865217   0.229651
      0.81   0.129417   0.870011   0.225317
      0.82   0.124471   0.870659   0.217805
      0.83   0.120181   0.870486   0.211203
      0.84   0.117381     0.8722   0.206915
      0.85   0.111124   0.884298   0.197438
      0.86    0.10308   0.897898   0.184931
      0.87   0.101591   0.906103   0.182698
      0.88  0.0973604   0.923967   0.176159
      0.89  0.0945004   0.935986   0.171669
       0.9  0.0913424   0.954044   0.166722
      0.91   0.088542   0.963532   0.162181
      0.92  0.0859203   0.966469   0.157811
      0.93   0.082524   0.969574   0.152102
      0.94  0.0799619   0.970526   0.147751
      0.95  0.0793064    0.97619   0.146695
      0.96  0.0784723   0.975664   0.145261
      0.97  0.0769231   0.977273    0.14262
      0.98   0.075791   0.981567   0.140717
      0.99  0.0753739   0.985816   0.140041
