         0          1   0.176767   0.300428
      0.01   0.976128   0.245264   0.392027
      0.02   0.976128   0.245264   0.392027
      0.03   0.976128   0.245264   0.392027
      0.04   0.976128   0.245372   0.392165
      0.05   0.976128   0.245465   0.392283
      0.06   0.976128   0.245728   0.392619
      0.07   0.976128   0.246068   0.393053
      0.08   0.976128   0.247083   0.394346
      0.09   0.976128   0.247632   0.395046
       0.1   0.976128   0.248978   0.396756
      0.11   0.976128   0.250434   0.398603
      0.12   0.976128   0.252152   0.400776
      0.13   0.976128   0.254692   0.403977
      0.14   0.976128   0.256588   0.406359
      0.15   0.976128   0.259701   0.410254
      0.16   0.976128    0.26201    0.41313
      0.17   0.976128    0.26653   0.418727
      0.18   0.976128   0.269466   0.422342
      0.19   0.976128   0.273992   0.427881
       0.2   0.976128   0.277047   0.431597
      0.21   0.976128   0.281874   0.437432
      0.22   0.976083    0.28615   0.442559
      0.23   0.974343   0.289058   0.445847
      0.24   0.973049   0.295219      0.453
      0.25   0.971576   0.298486   0.456674
      0.26   0.959529   0.303672   0.461339
      0.27   0.953862   0.307768   0.465379
      0.28   0.951095   0.314046   0.472181
      0.29   0.946098   0.318671   0.476757
       0.3   0.943688   0.326822   0.485502
      0.31   0.941279   0.333063   0.492027
      0.32   0.938869   0.337971   0.497025
      0.33   0.936817   0.346408   0.505789
      0.34   0.935166   0.352256   0.511748
      0.35   0.931373    0.36132   0.520656
      0.36   0.928205   0.367085   0.526106
      0.37   0.924412    0.37633     0.5349
      0.38   0.921958   0.381573   0.539756
      0.39   0.918076   0.389978   0.547423
       0.4   0.915666   0.394924    0.55184
      0.41   0.910312   0.403798   0.559439
      0.42   0.907055    0.41182   0.566457
      0.43   0.904199   0.417002   0.570773
      0.44   0.897773   0.424939   0.576844
      0.45   0.896033    0.42949   0.580657
      0.46   0.893445     0.4375   0.587375
      0.47   0.892374   0.441872   0.591069
      0.48   0.890411   0.449914   0.597778
      0.49   0.888358   0.455626   0.602327
       0.5    0.88528   0.461815   0.606989
      0.51   0.881487   0.467075   0.610607
      0.52   0.877159   0.469224   0.611392
      0.53   0.865334    0.47497   0.613305
      0.54   0.860738   0.478214   0.614834
      0.55   0.851278   0.484241   0.617323
      0.56   0.841908   0.487126   0.617163
      0.57    0.83816   0.494182   0.621768
      0.58   0.834546    0.49848    0.62415
      0.59   0.832047   0.504754   0.628334
       0.6    0.82986   0.509945   0.631709
      0.61   0.823256   0.514311   0.633105
      0.62   0.819419   0.519447   0.635829
      0.63   0.814198   0.522212   0.636308
      0.64   0.804069   0.527252   0.636882
      0.65   0.801883   0.529241   0.637641
      0.66   0.798269   0.536315   0.641584
      0.67   0.796038   0.540681   0.643969
      0.68   0.791665   0.548248   0.647846
      0.69   0.785641   0.552391   0.648685
       0.7   0.783231   0.556994   0.651018
      0.71   0.781625    0.56227   0.654046
      0.72   0.779751    0.56622   0.656048
      0.73   0.777341    0.56977   0.657564
      0.74   0.775557   0.574502   0.660058
      0.75   0.770604   0.580608   0.662248
      0.76   0.766811   0.583667    0.66282
      0.77   0.762438   0.587656   0.663734
      0.78    0.75985   0.589812    0.66412
      0.79    0.75338   0.595304   0.665078
       0.8   0.751684   0.598076    0.66614
      0.81   0.749007   0.602881   0.668046
      0.82   0.745214   0.608788   0.670128
      0.83   0.742448   0.610724   0.670175
      0.84   0.738878   0.615596   0.671627
      0.85   0.737673   0.619514    0.67345
      0.86   0.735978   0.623858   0.675296
      0.87    0.73397   0.626443   0.675957
      0.88   0.731516   0.629369   0.676609
      0.89   0.727991   0.631218    0.67616
       0.9   0.724867   0.635949   0.677503
      0.91    0.72103   0.638786   0.677421
      0.92   0.719245   0.642453   0.678684
      0.93   0.715675   0.644231   0.678076
      0.94   0.707063   0.646029    0.67517
      0.95   0.704877   0.649818   0.676229
      0.96   0.701664    0.65152   0.675663
      0.97    0.69332   0.653351   0.672743
      0.98   0.690955   0.653899   0.671917
      0.99   0.688501   0.654898   0.671279
