         0          1   0.361785    0.53134
      0.01   0.964442   0.377709   0.542828
      0.02   0.964442   0.377709   0.542828
      0.03   0.964442   0.377709   0.542828
      0.04   0.964442   0.377709   0.542828
      0.05   0.964442   0.377709   0.542828
      0.06   0.964442    0.37782   0.542943
      0.07   0.964442   0.378071   0.543202
      0.08   0.964442   0.378865   0.544021
      0.09   0.964442   0.379788   0.544971
       0.1   0.964286   0.381635   0.546845
      0.11   0.963974   0.383794   0.549007
      0.12   0.963755   0.385615   0.550832
      0.13   0.963537   0.388904   0.554144
      0.14   0.963444   0.392131   0.557396
      0.15   0.962445   0.397193   0.562321
      0.16   0.962414   0.401421   0.566539
      0.17   0.962071   0.407652   0.572657
      0.18   0.961915   0.411962   0.576867
      0.19   0.960886   0.418206   0.582772
       0.2   0.960293   0.421982   0.586318
      0.21   0.957767   0.427675    0.59131
      0.22   0.954835    0.43476   0.597475
      0.23   0.951871   0.439139   0.601008
      0.24   0.944604   0.446394   0.606278
      0.25   0.940767   0.452493   0.611071
      0.26   0.933905   0.460521    0.61686
      0.27   0.929164   0.464701   0.619549
      0.28   0.919713   0.471514   0.623417
      0.29   0.907049   0.477498   0.625641
       0.3   0.890611    0.48555   0.628468
      0.31   0.878166    0.49474   0.632912
      0.32   0.868153   0.499158   0.633866
      0.33   0.853556   0.506754   0.635948
      0.34   0.846694   0.511296   0.637576
      0.35   0.829788   0.519987   0.639335
      0.36   0.820056    0.52567   0.640664
      0.37   0.803306    0.53385   0.641428
      0.38   0.793044   0.541168   0.643331
      0.39   0.773238   0.550674   0.643248
       0.4   0.766157    0.55794   0.645677
      0.41   0.751684   0.567616    0.64681
      0.42   0.737586   0.576651   0.647265
      0.43    0.72121   0.583974   0.645377
      0.44   0.699002   0.592241   0.641208
      0.45   0.685777   0.596859   0.638236
      0.46   0.672676   0.605408   0.637272
      0.47   0.663537   0.610054   0.635673
      0.48   0.649095   0.618235   0.633289
      0.49    0.63849   0.623202   0.630753
       0.5   0.623019   0.632391    0.62767
      0.51   0.610823   0.645101   0.627494
      0.52   0.599688   0.652466   0.624965
      0.53    0.58378   0.661314   0.620133
      0.54   0.576263   0.666989   0.618316
      0.55    0.56413    0.67289   0.613729
      0.56   0.554367   0.676291   0.609289
      0.57   0.539676   0.680213   0.601849
      0.58    0.52907   0.683541   0.596467
      0.59   0.512445   0.685221   0.586371
       0.6   0.505708   0.690297   0.583758
      0.61    0.49189   0.695387   0.576199
      0.62   0.479133   0.702335    0.56965
      0.63   0.469651   0.706119   0.564106
      0.64   0.458952   0.709156   0.557258
      0.65   0.450905   0.711242   0.551913
      0.66   0.440393   0.716742   0.545569
      0.67   0.431316   0.721333   0.539839
      0.68   0.417062   0.726862   0.530011
      0.69   0.412133   0.729055   0.526588
       0.7   0.402215   0.730841   0.518871
      0.71   0.385901   0.734357   0.505936
      0.72   0.376887   0.738706   0.499122
      0.73   0.366001   0.744454   0.490738
      0.74   0.351591   0.743465    0.47741
      0.75   0.340518   0.749534   0.468289
      0.76   0.330973    0.75144   0.459541
      0.77    0.31728   0.758969   0.447491
      0.78   0.312165   0.761039    0.44273
      0.79   0.298129   0.762859   0.428714
       0.8   0.293855   0.764511   0.424533
      0.81   0.286619   0.766896   0.417283
      0.82   0.280474   0.767002   0.410748
      0.83   0.275483    0.77096   0.405921
      0.84   0.266812   0.775174   0.396984
      0.85   0.263693   0.779793   0.394114
      0.86   0.253431   0.786974   0.383396
      0.87   0.249376   0.793056   0.379438
      0.88   0.241173   0.795683   0.370152
      0.89   0.237056   0.795754   0.365291
       0.9   0.232969   0.794891   0.360332
      0.91   0.229538   0.801413   0.356865
      0.92   0.225733   0.804348   0.352531
      0.93   0.219058   0.816949   0.345479
      0.94   0.211634   0.823325   0.336716
      0.95   0.208172   0.838009   0.333499
      0.96   0.206862   0.847081   0.332521
      0.97   0.203681    0.85906   0.329288
      0.98   0.202901   0.871063   0.329135
      0.99   0.199314   0.880203   0.325028
