         0          1   0.298178   0.459379
      0.01    0.93275   0.298471   0.452232
      0.02    0.93275   0.298471   0.452232
      0.03    0.93275   0.298471   0.452232
      0.04    0.93275   0.298548   0.452321
      0.05    0.93275   0.298608   0.452389
      0.06    0.93275   0.298801   0.452611
      0.07    0.93275   0.299302   0.453185
      0.08    0.93275   0.300736   0.454828
      0.09    0.93275   0.302076   0.456358
       0.1    0.93275     0.3047   0.459346
      0.11    0.93275   0.308454   0.463599
      0.12   0.932485   0.311308   0.466781
      0.13   0.932485   0.316388   0.472469
      0.14   0.932485   0.320991   0.477582
      0.15   0.932379   0.327149   0.484351
      0.16    0.93222   0.331695   0.489293
      0.17   0.931265   0.338715   0.496754
      0.18   0.930098   0.344319   0.502583
      0.19   0.928083   0.354148   0.512666
       0.2   0.927128   0.360042   0.518665
      0.21   0.924794   0.370928   0.529484
      0.22   0.922302   0.381531   0.539773
      0.23    0.91965   0.388841    0.54658
      0.24   0.913869    0.40048   0.556908
      0.25   0.908141   0.407427   0.562497
      0.26   0.898223   0.417397   0.569946
      0.27   0.892177   0.424984   0.575724
      0.28   0.878494   0.435155   0.582014
      0.29   0.865712   0.440792   0.584152
       0.3   0.855582   0.452095    0.59159
      0.31   0.849271   0.461753   0.598239
      0.32   0.843543   0.467597   0.601672
      0.33   0.832299   0.474697   0.604577
      0.34   0.823707   0.479161   0.605876
      0.35   0.809918   0.486994   0.608253
      0.36   0.798091    0.49097   0.607944
      0.37   0.783241   0.495963   0.607344
      0.38   0.766004   0.498797   0.604175
      0.39   0.751047   0.503139   0.602592
       0.4   0.742721   0.506092   0.601988
      0.41    0.72681   0.511845   0.600674
      0.42    0.71424   0.519652   0.601603
      0.43   0.704163   0.524704    0.60133
      0.44   0.689207   0.530702   0.599657
      0.45   0.680244   0.534217   0.598451
      0.46   0.671016   0.540178    0.59853
      0.47   0.661363   0.543009    0.59637
      0.48   0.644126   0.549336   0.592967
      0.49   0.633201   0.553324   0.590574
       0.5   0.620313   0.559946   0.588586
      0.51   0.608592   0.567828   0.587504
      0.52   0.602334   0.572568   0.587074
      0.53   0.581809   0.579907   0.580856
      0.54   0.573005   0.587683   0.580251
      0.55   0.561973    0.59776   0.579315
      0.56   0.549085   0.600585   0.573682
      0.57   0.538531   0.609914   0.572004
      0.58   0.529674   0.617122   0.570064
      0.59   0.518536   0.627596   0.567877
       0.6   0.509891   0.633198   0.564894
      0.61   0.488146   0.641586   0.554446
      0.62    0.46778    0.64737   0.543114
      0.63     0.4559   0.652781    0.53686
      0.64   0.442853   0.660672   0.530266
      0.65    0.43039   0.665006   0.522572
      0.66   0.415752   0.673543   0.514143
      0.67   0.404296    0.67937   0.506921
      0.68   0.387749   0.693537   0.497404
      0.69   0.379263   0.701567   0.492359
       0.7   0.366269   0.719493   0.485425
      0.71   0.354124   0.736668   0.478316
      0.72   0.346592   0.742089   0.472503
      0.73   0.329939   0.753116   0.458855
      0.74   0.324901   0.762168    0.45559
      0.75   0.314293   0.783901   0.448691
      0.76   0.310899   0.793006   0.446678
      0.77   0.302997   0.813194   0.441493
      0.78   0.298966    0.82623    0.43906
      0.79   0.285548      0.835   0.425564
       0.8    0.27738   0.840857   0.417151
      0.81   0.265977   0.850555   0.405234
      0.82   0.252347   0.860711   0.390272
      0.83   0.246566   0.863869   0.383635
      0.84    0.23861   0.869324   0.374444
      0.85   0.231132   0.871158   0.365335
      0.86   0.218032   0.878361   0.349347
      0.87   0.215646    0.88089   0.346473
      0.88   0.212782   0.891452   0.343559
      0.89   0.209653   0.901269   0.340174
       0.9   0.204773    0.90991   0.334311
      0.91   0.197189     0.9216   0.324868
      0.92   0.194855   0.928105   0.322088
      0.93   0.191143   0.929412   0.317076
      0.94   0.188491   0.934932   0.313731
      0.95   0.186317   0.940351   0.311011
      0.96   0.184142   0.942755   0.308104
      0.97   0.180164   0.948052   0.302788
      0.98   0.176876    0.95283   0.298366
      0.99    0.17433   0.955684   0.294872
