         0          1    0.48887   0.656699
      0.01   0.928585   0.558299   0.697335
      0.02   0.928585   0.558299   0.697335
      0.03   0.928585   0.558299   0.697335
      0.04   0.928585   0.558408    0.69742
      0.05   0.928585   0.558517   0.697505
      0.06   0.928585   0.558997   0.697879
      0.07   0.928585    0.55974   0.698458
      0.08   0.928585   0.561129   0.699538
      0.09   0.928585   0.562316    0.70046
       0.1   0.928585   0.564487   0.702142
      0.11   0.928488   0.566829   0.703923
      0.12   0.928439   0.568476   0.705177
      0.13   0.928365   0.571199   0.707247
      0.14   0.928023   0.573259   0.708724
      0.15   0.927852   0.577527   0.711926
      0.16   0.927461   0.580086   0.713752
      0.17   0.925016   0.584056   0.716018
      0.18   0.923867   0.588038   0.718655
      0.19   0.921862   0.593828   0.722348
       0.2   0.918317   0.597664   0.724079
      0.21   0.916043   0.604065    0.72804
      0.22   0.913574    0.61015   0.731651
      0.23   0.909393   0.613936   0.733012
      0.24   0.904528   0.621713   0.736918
      0.25   0.902205   0.628727    0.74104
      0.26   0.898196   0.637313   0.745592
      0.27   0.895726   0.643068   0.748655
      0.28    0.88827   0.653033     0.7527
      0.29    0.88426   0.658879    0.75511
       0.3   0.874627   0.670687   0.759199
      0.31   0.869615   0.682991   0.765087
      0.32   0.866828   0.691895   0.769545
      0.33   0.860594   0.702354   0.773463
      0.34   0.855166   0.710668    0.77625
      0.35   0.848003   0.721668   0.779751
      0.36   0.841988   0.728686   0.781251
      0.37   0.831597   0.738706   0.782404
      0.38   0.821867   0.746376   0.782305
      0.39   0.813579   0.755503   0.783466
       0.4   0.805877   0.760512   0.782538
      0.41   0.797247   0.770224   0.783503
      0.42   0.783971   0.777311   0.780627
      0.43   0.775781   0.782125    0.77894
      0.44   0.766784   0.788957   0.777713
      0.45   0.755146   0.791157   0.772732
      0.46   0.743802   0.797868   0.769887
      0.47   0.735196   0.801395    0.76687
      0.48   0.719696   0.806202   0.760497
      0.49   0.705393   0.808304    0.75335
       0.5     0.6896   0.812941   0.746208
      0.51   0.671996    0.81994   0.738633
      0.52   0.658061    0.82248   0.731141
      0.53   0.639504   0.829641   0.722269
      0.54   0.627329   0.832799   0.715607
      0.55   0.610239   0.837044    0.70587
      0.56   0.596988   0.838535   0.697439
      0.57   0.572539   0.844276   0.682349
      0.58   0.557454   0.847461   0.672526
      0.59     0.5388   0.851645   0.660028
       0.6   0.523006   0.853938   0.648704
      0.61   0.503838   0.859718   0.635337
      0.62   0.483155   0.865359   0.620094
      0.63   0.471957   0.867715    0.61138
      0.64   0.454159   0.871338   0.597098
      0.65   0.442546   0.871187   0.586938
      0.66    0.42218   0.874607   0.569471
      0.67   0.410933   0.875862   0.559407
      0.68   0.389883    0.87687   0.539769
      0.69   0.377023   0.879129   0.527726
       0.7    0.35744   0.881787   0.508681
      0.71   0.341841   0.882449   0.492788
      0.72   0.331426   0.884452   0.482171
      0.73   0.319226   0.885961   0.469341
      0.74   0.310229   0.887524   0.459754
      0.75   0.288005   0.886715   0.434791
      0.76   0.270354   0.886228   0.414316
      0.77   0.256393   0.887911   0.397891
      0.78   0.240575   0.885802   0.378385
      0.79   0.224952   0.886228   0.358824
       0.8   0.215417   0.890526   0.346916
      0.81   0.201971   0.900459   0.329937
      0.82   0.188597      0.905   0.312145
      0.83   0.176128   0.908046   0.295031
      0.84   0.162241   0.914751   0.275602
      0.85   0.158599   0.922613   0.270669
      0.86   0.144712   0.923767   0.250225
      0.87   0.134761    0.93087   0.235438
      0.88   0.127035   0.931298   0.223574
      0.89   0.120728   0.930667    0.21373
       0.9   0.113442   0.935159   0.202339
      0.91   0.105056   0.935535   0.188899
      0.92   0.100924    0.93871   0.182254
      0.93  0.0927827   0.948673   0.169034
      0.94    0.08958   0.950092   0.163723
      0.95  0.0872329    0.95858   0.159913
      0.96  0.0821231   0.964135   0.151354
      0.97   0.076231   0.964539   0.141295
      0.98  0.0737128      0.965   0.136963
      0.99  0.0662315   0.966387   0.123967
