         0          1   0.242084   0.389803
      0.01   0.993007   0.250672   0.400294
      0.02   0.993007   0.250672   0.400294
      0.03   0.993007   0.250672   0.400294
      0.04   0.993007    0.25068   0.400305
      0.05   0.993007   0.250741   0.400383
      0.06   0.993007    0.25094   0.400636
      0.07   0.993007   0.251208   0.400978
      0.08   0.993007   0.252219   0.402265
      0.09   0.993007   0.253468   0.403852
       0.1   0.993007    0.25609   0.407173
      0.11   0.993007     0.2598   0.411849
      0.12   0.993007   0.262719   0.415508
      0.13   0.993007   0.268179   0.422306
      0.14   0.992887   0.272542   0.427686
      0.15   0.992828   0.279486   0.436184
      0.16   0.992708   0.284927    0.44277
      0.17    0.99223   0.293702   0.453243
      0.18    0.99217   0.299579   0.460203
      0.19    0.99217   0.309816   0.472187
       0.2    0.99217   0.316914   0.480386
      0.21    0.99211   0.328065   0.493081
      0.22   0.991214   0.339002   0.505217
      0.23   0.990616     0.3472   0.514185
      0.24   0.989062   0.359581   0.527416
      0.25   0.988106   0.367597   0.535847
      0.26   0.986552   0.379174   0.547803
      0.27   0.983803   0.387273   0.555769
      0.28   0.980934   0.398962   0.567224
      0.29   0.973403   0.406679    0.57368
       0.3   0.966051   0.418393     0.5839
      0.31   0.961449   0.431751   0.595904
      0.32   0.957863   0.440084   0.603084
      0.33   0.947164    0.45158   0.611577
      0.34   0.939215     0.4593   0.616914
      0.35   0.925647   0.470517   0.623899
      0.36   0.919132   0.477751   0.628709
      0.37   0.909928   0.489579   0.636627
      0.38   0.900365    0.49558   0.639285
      0.39   0.889905    0.50509   0.644421
       0.4   0.881179   0.510693   0.646628
      0.41   0.863726   0.519938   0.649123
      0.42   0.846214   0.527817   0.650125
      0.43   0.834559   0.533471   0.650882
      0.44   0.817046   0.539367   0.649784
      0.45   0.809814   0.545312    0.65175
      0.46   0.797442   0.551238   0.651868
      0.47   0.785966   0.554552   0.650284
      0.48   0.766661   0.559325   0.646783
      0.49   0.754109   0.560544   0.643076
       0.5   0.734983   0.564119   0.638315
      0.51   0.711553     0.5676   0.631476
      0.52   0.698643   0.570399   0.628041
      0.53   0.676708   0.575617   0.622082
      0.54   0.663678   0.577923   0.617839
      0.55   0.645508   0.581807   0.612005
      0.56   0.633315   0.584402   0.607876
      0.57   0.610244   0.588078   0.598956
      0.58   0.592792   0.591288   0.592039
      0.59    0.56464    0.59281   0.578382
       0.6   0.547965   0.593718   0.569925
      0.61   0.532664   0.598086   0.563482
      0.62    0.51288   0.598655   0.552458
      0.63   0.500568   0.600463   0.545984
      0.64   0.483055   0.601275   0.535721
      0.65    0.47397   0.602641   0.530617
      0.66    0.45072   0.607249   0.517405
      0.67   0.439364   0.607556    0.50995
      0.68   0.429681   0.609643   0.504082
      0.69   0.425079   0.610988   0.501354
       0.7   0.410615   0.612627    0.49168
      0.71   0.397346   0.617213   0.483456
      0.72   0.381507   0.619676   0.472263
      0.73   0.363577   0.617317   0.457628
      0.74   0.345945   0.615708   0.442989
      0.75   0.333752   0.614243   0.432502
      0.76   0.327655   0.617087   0.428036
      0.77   0.310083    0.62146   0.413731
      0.78   0.302851   0.627617   0.408557
      0.79   0.285637   0.632494   0.393547
       0.8   0.281035   0.634056   0.389452
      0.81   0.264658   0.640873   0.374614
      0.82   0.255095   0.651811   0.366684
      0.83   0.250314   0.664228   0.363604
      0.84   0.242723   0.679876   0.357732
      0.85   0.240273   0.688907   0.356283
      0.86   0.234355    0.70339   0.351574
      0.87   0.231606    0.71179   0.349492
      0.88   0.221625   0.732645   0.340307
      0.89    0.21505   0.742718   0.333529
       0.9   0.208894   0.756867    0.32742
      0.91   0.199809   0.776231    0.31781
      0.92   0.196761       0.79   0.315053
      0.93   0.194967   0.806936   0.314055
      0.94   0.189349   0.826829   0.308134
      0.95   0.187436   0.841432    0.30658
      0.96   0.182057   0.845443   0.299599
      0.97   0.175363   0.854545   0.291008
      0.98    0.16849   0.855908   0.281554
      0.99   0.159883   0.866771   0.269968
