         0          1   0.319512   0.484288
      0.01   0.918607   0.301126   0.453569
      0.02   0.918607   0.301126   0.453569
      0.03   0.918607   0.301126   0.453569
      0.04   0.918607   0.301102   0.453542
      0.05   0.918607   0.301109    0.45355
      0.06   0.918607   0.301155   0.453602
      0.07   0.918607   0.301211   0.453665
      0.08   0.918182   0.301244   0.453651
      0.09   0.918182   0.301418   0.453849
       0.1   0.918041   0.302173   0.454687
      0.11   0.917121   0.302331   0.454752
      0.12   0.916625   0.302187   0.454529
      0.13   0.916271   0.302522   0.454863
      0.14   0.915705   0.302755   0.455057
      0.15   0.913299   0.303846   0.455988
      0.16   0.912166   0.304435    0.45651
      0.17   0.910892   0.305359   0.457388
      0.18   0.908628   0.305931   0.457742
      0.19    0.90523   0.306025   0.457415
       0.2   0.900488   0.306222   0.457026
      0.21   0.890934   0.307523   0.457226
      0.22    0.88244   0.307682   0.456275
      0.23   0.873593   0.308238    0.45569
      0.24   0.863614   0.307924    0.45398
      0.25   0.856607   0.307396   0.452435
      0.26   0.838842    0.30643   0.448883
      0.27   0.821219   0.306623   0.446524
      0.28   0.802605   0.307265   0.444399
      0.29   0.789936   0.307748   0.442934
       0.3   0.765589    0.30748   0.438748
      0.31   0.737844   0.307933   0.434522
      0.32   0.720645   0.309836   0.433355
      0.33   0.687593    0.31011    0.42744
      0.34   0.660132   0.310263   0.422126
      0.35    0.63444   0.311345   0.417705
      0.36   0.618586   0.312379   0.415125
      0.37   0.591408   0.312915   0.409279
      0.38   0.565857   0.313519   0.403484
      0.39   0.535777   0.313941   0.395902
       0.4   0.513695   0.313546   0.389408
      0.41   0.483544   0.310492    0.37816
      0.42   0.449784   0.310909   0.367669
      0.43    0.42841   0.311336   0.360608
      0.44   0.400948   0.312724   0.351383
      0.45   0.381414   0.313738   0.344282
      0.46   0.360535   0.317901   0.337879
      0.47    0.34553   0.318199   0.331302
      0.48   0.314601   0.320292   0.317421
      0.49   0.300234   0.323957   0.311644
       0.5   0.279284   0.324804   0.300329
      0.51   0.258334   0.325254   0.287957
      0.52   0.235544   0.329068    0.27456
      0.53   0.217284   0.331762   0.262588
      0.54    0.20695   0.332129   0.255006
      0.55   0.192512   0.332534   0.243852
      0.56   0.182108   0.334768   0.235894
      0.57   0.160946   0.326638   0.215639
      0.58   0.148277   0.325918   0.203824
      0.59   0.134829   0.320668   0.189838
       0.6   0.124637   0.320521   0.179482
      0.61   0.114941   0.319149   0.169012
      0.62   0.105457   0.316335   0.158181
      0.63   0.094345   0.312069   0.144887
      0.64  0.0790573   0.291103   0.124345
      0.65  0.0712011   0.284222   0.113875
      0.66  0.0687239   0.293839   0.111395
      0.67  0.0646189   0.288633   0.105597
      0.68  0.0535777   0.274425  0.0896522
      0.69  0.0489773   0.268634  0.0828494
       0.7  0.0411919   0.264957  0.0712991
      0.71  0.0376531   0.253259  0.0655592
      0.72  0.0342558   0.234343   0.059774
      0.73  0.0298676   0.225581  0.0527509
      0.74  0.0220822    0.21883  0.0401163
      0.75  0.0173402   0.207715  0.0320084
      0.76  0.0158539   0.203822  0.0294195
      0.77  0.0152877   0.200717  0.0284114
      0.78  0.0152169   0.211155  0.0283881
      0.79  0.0131644   0.198113  0.0246883
       0.8  0.0117489   0.202128   0.022207
      0.81  0.0108288   0.206452  0.0205782
      0.82 0.00913016   0.186567  0.0174084
      0.83 0.00877628   0.181818  0.0167443
      0.84 0.00828084    0.17757  0.0158238
      0.85 0.00813929   0.175258  0.0155561
      0.86 0.00608677     0.1375  0.0116575
      0.87 0.00537901      0.125  0.0103142
      0.88 0.00452969  0.0877193 0.00861454
      0.89 0.00311416       0.08 0.00599496
       0.9  0.0026895       0.05 0.00510444
      0.91          0          0          0
      0.92          0          0          0
      0.93          0          0          0
      0.94          0          0          0
      0.95          0          0          0
      0.96          0          0          0
      0.97          0          0          0
      0.98          0          0          0
      0.99          0          0          0
