         0          1   0.384732   0.555677
      0.01   0.868985   0.438535   0.582906
      0.02   0.868985   0.438535   0.582906
      0.03   0.868985   0.438535   0.582906
      0.04   0.868985   0.438549   0.582918
      0.05   0.868985   0.438721    0.58307
      0.06   0.868985   0.439143   0.583442
      0.07   0.868985   0.439693   0.583927
      0.08   0.868985   0.440487   0.584627
      0.09   0.868813   0.442138    0.58604
       0.1   0.868698   0.445065    0.58858
      0.11   0.868183   0.448338   0.591315
      0.12   0.868068   0.451248   0.593814
      0.13   0.867667   0.456101   0.597905
      0.14   0.867553   0.459913   0.601144
      0.15   0.866579   0.466246   0.606289
      0.16   0.865319   0.471578   0.610467
      0.17   0.862397   0.480462   0.617115
      0.18   0.858616   0.487405   0.621824
      0.19   0.856095   0.497401   0.629219
       0.2   0.850195   0.504453   0.633203
      0.21   0.840742   0.516736   0.640072
      0.22   0.837076   0.528167   0.647673
      0.23   0.831978    0.53489   0.651148
      0.24    0.81989   0.545657   0.655238
      0.25   0.810438   0.551303   0.656214
      0.26   0.797434   0.562409   0.659611
      0.27   0.787809   0.570189   0.661562
      0.28   0.771483   0.580224   0.662322
      0.29   0.757734   0.586307   0.661088
       0.3   0.739918   0.597848   0.661339
      0.31   0.716774   0.610067    0.65913
      0.32   0.704113   0.617459   0.657945
      0.33   0.682459    0.62879   0.654526
      0.34   0.669168   0.634894    0.65158
      0.35   0.651237   0.645482   0.648347
      0.36   0.635885   0.651385   0.643542
      0.37   0.616178   0.661085   0.637842
      0.38   0.607241   0.666063   0.635294
      0.39   0.581405   0.676721   0.625452
       0.4   0.566625   0.679289   0.617863
      0.41   0.551214   0.686629   0.611515
      0.42   0.529503   0.690041   0.599205
      0.43   0.513061   0.694403   0.590115
      0.44   0.481897   0.699661   0.570712
      0.45   0.467518   0.703727   0.561804
      0.46   0.445692   0.707323   0.546824
      0.47   0.434808   0.711498    0.53976
      0.48     0.4147   0.712016    0.52413
      0.49    0.40244   0.711988   0.514224
       0.5   0.384051   0.713565   0.499347
      0.51   0.358444   0.711916   0.476815
      0.52    0.34332   0.709708   0.462774
      0.53   0.322697   0.704506   0.442643
      0.54   0.305225   0.698786   0.424869
      0.55   0.286148   0.693222   0.405085
      0.56   0.270165   0.688409   0.388043
      0.57   0.256645    0.67959   0.372585
      0.58   0.247537   0.676554   0.362458
      0.59   0.236137   0.669021   0.349067
       0.6   0.227658   0.662766   0.338904
      0.61   0.219294   0.659013   0.329082
      0.62   0.206233   0.654545   0.313643
      0.63   0.196838   0.651333   0.302314
      0.64    0.18223   0.650805   0.284732
      0.65   0.169168    0.64977   0.268446
      0.66   0.158799   0.649623   0.255212
      0.67   0.149977   0.648458   0.243611
      0.68   0.142071   0.650809   0.233229
      0.69   0.134739   0.649209   0.223162
       0.7   0.131015   0.658613   0.218554
      0.71   0.125745   0.664391   0.211467
      0.72   0.124198   0.676996   0.209891
      0.73   0.120417   0.683805   0.204774
      0.74   0.119844   0.686747   0.204075
      0.75   0.114001   0.690544   0.195695
      0.76   0.111137   0.691285   0.191488
      0.77   0.107585   0.692308   0.186229
      0.78   0.106382        0.7   0.184695
      0.79   0.103747   0.716846    0.18126
       0.8   0.101971   0.724907   0.178791
      0.81  0.0979033   0.751004   0.173224
      0.82   0.097445   0.756871    0.17266
      0.83  0.0942369   0.763098   0.167757
      0.84    0.09206   0.769417   0.164444
      0.85  0.0890811   0.767857   0.159642
      0.86  0.0844409   0.757576   0.151946
      0.87  0.0826077   0.766571   0.149143
      0.88  0.0797434   0.776398   0.144632
      0.89  0.0787122   0.775641   0.142921
       0.9  0.0757906   0.777397   0.138116
      0.91  0.0717232   0.784387   0.131429
      0.92   0.070291   0.791506   0.129116
      0.93  0.0683433   0.794118   0.125855
      0.94  0.0660518   0.800885   0.122039
      0.95   0.064104    0.82439   0.118958
      0.96  0.0623281   0.819095   0.115841
      0.97  0.0586045   0.819672   0.109388
      0.98  0.0538497   0.822857   0.101084
      0.99  0.0488657   0.812121  0.0921846
