         0          1   0.289124   0.448559
      0.01   0.972944   0.382411   0.549029
      0.02   0.972944   0.382411   0.549029
      0.03   0.972944   0.382433   0.549052
      0.04   0.972944   0.382723   0.549351
      0.05   0.972944   0.383036   0.549673
      0.06   0.972944   0.384066   0.550733
      0.07   0.972944   0.385162   0.551858
      0.08   0.972944   0.387509   0.554263
      0.09   0.972944   0.389531   0.556328
       0.1   0.972847   0.393844   0.560698
      0.11   0.972799   0.398554   0.565446
      0.12   0.972459   0.402082    0.56893
      0.13   0.971296   0.408125   0.574748
      0.14   0.971053   0.412224   0.578758
      0.15    0.97018   0.418828   0.585077
      0.16    0.96955   0.425183   0.591132
      0.17   0.968774   0.435608   0.600985
      0.18   0.968677   0.442637   0.607621
      0.19   0.967659    0.45303   0.617135
       0.2   0.967368   0.460753   0.624201
      0.21   0.966447   0.471401   0.633702
      0.22   0.965768   0.481793   0.642875
      0.23   0.964944   0.488089   0.648269
      0.24   0.963586   0.499268   0.657739
      0.25   0.961792   0.505301   0.662527
      0.26   0.959513   0.515816   0.670944
      0.27   0.958398   0.523121   0.676816
      0.28   0.955004   0.532329   0.683608
      0.29   0.952725   0.539662    0.68903
       0.3   0.948361   0.550642    0.69674
      0.31   0.944191   0.562232   0.704788
      0.32   0.942397    0.57083   0.710995
      0.33   0.938421   0.581477   0.718035
      0.34   0.935851   0.586819   0.721332
      0.35   0.932166   0.596306   0.727336
      0.36   0.926445    0.60284   0.730404
      0.37   0.920433   0.612689   0.735674
      0.38   0.916505   0.618141    0.73832
      0.39   0.907438   0.626876   0.741506
       0.4   0.901377   0.631868   0.742936
      0.41   0.893474   0.640804   0.746333
      0.42   0.884407    0.64816   0.748075
      0.43   0.881643   0.654043   0.750977
      0.44   0.876794   0.661701   0.754212
      0.45   0.869812   0.666943   0.754987
      0.46   0.865593   0.674409   0.758134
      0.47   0.863024   0.679885   0.760585
      0.48   0.853229   0.683907   0.759242
      0.49   0.847362   0.688966   0.759999
       0.5   0.839362   0.695182   0.760499
      0.51   0.827919   0.698011   0.757435
      0.52   0.817058    0.70287   0.755675
      0.53   0.806488   0.708782   0.754485
      0.54   0.801251   0.712786   0.754434
      0.55   0.790487   0.719517   0.753334
      0.56   0.781129   0.722353   0.750592
      0.57   0.768377   0.726778   0.746999
      0.58   0.759116   0.728423   0.743453
      0.59   0.743697    0.73332   0.738472
       0.6    0.73846   0.737669   0.738064
      0.61   0.723429   0.740441   0.731836
      0.62   0.709998   0.747957   0.728483
      0.63   0.702483   0.752358   0.726565
      0.64   0.688373   0.758303   0.721648
      0.65   0.679888   0.761371   0.718326
      0.66   0.669608   0.767469   0.715207
      0.67   0.663014   0.771174   0.713016
      0.68   0.654626   0.777723   0.710885
      0.69   0.649874   0.780849   0.709367
       0.7   0.642746   0.789446   0.708583
      0.71    0.63431   0.798823   0.707124
      0.72   0.627958   0.801252   0.704099
      0.73   0.616466   0.806889    0.69894
      0.74   0.599593   0.806759   0.687917
      0.75   0.586792   0.811887   0.681227
      0.76   0.579567   0.815917   0.677727
      0.77   0.567203   0.817268   0.669652
      0.78   0.555081   0.817445   0.661187
      0.79   0.536462   0.820129   0.648638
       0.8   0.531759   0.824061   0.646401
      0.81   0.519152   0.827686    0.63808
      0.82   0.508097   0.831033   0.630627
      0.83   0.497576   0.834609   0.623459
      0.84   0.484533   0.837688   0.613948
      0.85   0.476969   0.839336   0.608274
      0.86   0.471053   0.843129   0.604419
      0.87   0.460047   0.849025   0.596745
      0.88   0.452676   0.852288   0.591297
      0.89   0.446373   0.858159   0.587274
       0.9   0.438712   0.860092   0.581046
      0.91   0.425281   0.862476   0.569665
      0.92   0.415341   0.864054   0.561011
      0.93   0.404432   0.866933   0.551557
      0.94    0.39774   0.870522    0.54601
      0.95   0.389013   0.876321    0.53883
      0.96   0.383534   0.881586   0.534523
      0.97   0.370394   0.884681   0.522168
      0.98   0.361424   0.890698   0.514198
      0.99   0.347362   0.893552   0.500254
