         0          1   0.108911   0.196429
      0.01    0.98404   0.190218    0.31881
      0.02    0.98404   0.190218    0.31881
      0.03    0.98404   0.190218    0.31881
      0.04    0.98404   0.190228   0.318824
      0.05    0.98404   0.190249   0.318852
      0.06    0.98404    0.19034    0.31898
      0.07    0.98404   0.190431   0.319108
      0.08    0.98404   0.190426   0.319101
      0.09    0.98404   0.190545   0.319268
       0.1    0.98404   0.190718    0.31951
      0.11   0.983906   0.191291   0.320307
      0.12   0.983906   0.191478    0.32057
      0.13   0.983906   0.192168   0.321536
      0.14   0.983906   0.192843    0.32248
      0.15   0.983906   0.194138   0.324289
      0.16   0.983906   0.194342   0.324574
      0.17   0.983637   0.195472   0.326133
      0.18   0.982967   0.196231   0.327152
      0.19   0.982698   0.197575   0.329003
       0.2   0.981626   0.198025   0.329566
      0.21   0.980821   0.197674   0.329034
      0.22   0.979077   0.198234   0.329711
      0.23   0.976261   0.198452   0.329853
      0.24   0.971298   0.198092   0.329071
      0.25   0.967945   0.199118   0.330291
      0.26   0.964458   0.200152   0.331508
      0.27   0.957618   0.200057    0.33097
      0.28   0.950376    0.20003   0.330498
      0.29   0.940585   0.198694   0.328082
       0.3   0.928514   0.197723   0.326022
      0.31   0.898069   0.196201   0.322045
      0.32   0.886132   0.194545   0.319045
      0.33   0.847774   0.193458   0.315028
      0.34   0.836508    0.19286   0.313453
      0.35   0.809549   0.192269   0.310738
      0.36   0.802173   0.193589   0.311905
      0.37   0.762339   0.192934   0.307935
      0.38   0.742758   0.194323   0.308052
      0.39   0.713788   0.193592   0.304577
       0.4    0.69206   0.194298   0.303412
      0.41   0.664565   0.194456   0.300874
      0.42   0.622988   0.193969   0.295831
      0.43   0.608369   0.195408   0.295804
      0.44   0.568938   0.197089   0.292761
      0.45    0.54493   0.198701   0.291214
      0.46   0.521325    0.20161   0.290771
      0.47   0.505231   0.203365       0.29
      0.48   0.482162   0.203679   0.286382
      0.49   0.458825    0.20448   0.282889
       0.5   0.423149   0.205248   0.276419
      0.51   0.407323   0.202579   0.270585
      0.52   0.378755   0.200983   0.262613
      0.53   0.358235   0.200467   0.257075
      0.54   0.335032   0.199571   0.250139
      0.55    0.30566     0.1974   0.239881
      0.56   0.285676   0.197001   0.233193
      0.57   0.245172   0.194432   0.216873
      0.58   0.226931   0.194404   0.209412
      0.59   0.201314   0.196247   0.198748
       0.6   0.196218   0.200576   0.198373
      0.61   0.185086   0.200896   0.192667
      0.62   0.166443   0.196106   0.180061
      0.63   0.156786   0.197204   0.174688
      0.64   0.149276   0.197958   0.170204
      0.65   0.141497   0.195545   0.164187
      0.66   0.127682   0.188353   0.152194
      0.67    0.12272   0.186538   0.148044
      0.68   0.115746   0.184293   0.142189
      0.69    0.10676   0.181818   0.134528
       0.7  0.0995172   0.180406   0.128274
      0.71  0.0950912   0.178434   0.124065
      0.72   0.088117    0.17232   0.116606
      0.73   0.079265   0.167388   0.107584
      0.74  0.0728273   0.163664     0.1008
      0.75  0.0586105   0.152866  0.0847334
      0.76  0.0504292    0.14827  0.0752609
      0.77  0.0454667   0.143599  0.0690656
      0.78  0.0391631   0.142342  0.0614259
      0.79  0.0344689   0.138462  0.0551969
       0.8  0.0339324   0.137795  0.0544551
      0.81  0.0337983   0.139875  0.0544417
      0.82  0.0327253   0.138462  0.0529386
      0.83  0.0321888     0.1373  0.0521512
      0.84  0.0316524   0.137681  0.0514716
      0.85  0.0315182   0.137405  0.0512749
      0.86  0.0274946    0.13172  0.0454932
      0.87   0.025617   0.116809  0.0420189
      0.88  0.0237393   0.107034  0.0388597
      0.89  0.0237393   0.113269   0.039252
       0.9  0.0209227   0.106007  0.0349478
      0.91  0.0191792  0.0996169  0.0321656
      0.92  0.0175697  0.0931174  0.0295617
      0.93  0.0142167  0.0789474  0.0240946
      0.94   0.013412  0.0805687   0.022996
      0.95  0.0120708  0.0820513  0.0210456
      0.96  0.0116685  0.0797872  0.0203594
      0.97  0.0116685  0.0852273  0.0205266
      0.98  0.0112661  0.0833333  0.0198488
      0.99 0.00804721  0.0764331  0.0145613
