         0          1   0.354609   0.523559
      0.01   0.951298   0.396337    0.55955
      0.02   0.951298   0.396337    0.55955
      0.03   0.951298   0.396337    0.55955
      0.04   0.951298   0.396356   0.559569
      0.05   0.951298   0.396356   0.559569
      0.06   0.951298   0.396542   0.559754
      0.07   0.951298    0.39671   0.559921
      0.08   0.951298   0.396867   0.560078
      0.09   0.951298   0.396988   0.560198
       0.1   0.951298    0.39768   0.560887
      0.11   0.951298   0.398365   0.561568
      0.12   0.951298   0.398901   0.562101
      0.13   0.951258     0.3998   0.562986
      0.14   0.951258   0.400849   0.564025
      0.15   0.951258   0.402214   0.565374
      0.16   0.951218   0.403338   0.566476
      0.17   0.951137   0.405762   0.568849
      0.18   0.951137   0.407192   0.570253
      0.19   0.950976   0.409573   0.572554
       0.2   0.950855    0.41156   0.574471
      0.21   0.950614   0.415282   0.578043
      0.22   0.950252   0.418366   0.580956
      0.23   0.949487    0.42089    0.58324
      0.24   0.949125   0.425884   0.587948
      0.25    0.94844    0.42842   0.590228
      0.26   0.946669   0.433099   0.594305
      0.27    0.94514   0.436627   0.597313
      0.28   0.943248   0.441602   0.601567
      0.29   0.942524   0.445394   0.604927
       0.3   0.941276   0.450847   0.609675
      0.31   0.939344   0.456682   0.614575
      0.32   0.938257   0.459775   0.617135
      0.33   0.935882   0.465984    0.62218
      0.34   0.934715   0.470885   0.626271
      0.35   0.932421   0.476829   0.630981
      0.36   0.931173   0.480293   0.633718
      0.37   0.927028   0.487579   0.639046
      0.38   0.925458   0.492781   0.643119
      0.39   0.919179   0.499687   0.647421
       0.4   0.918293   0.504531   0.651251
      0.41   0.915878   0.511043   0.656033
      0.42   0.911451   0.518477   0.660965
      0.43   0.909519   0.523653   0.664641
      0.44   0.902475   0.531294   0.668838
      0.45   0.899577   0.535537   0.671385
      0.46   0.894063   0.543091   0.675721
      0.47   0.890722   0.548116   0.678629
      0.48    0.88392   0.558111   0.684209
      0.49   0.878285   0.562239   0.685592
       0.5    0.87092   0.570825   0.689641
      0.51    0.86448   0.579595   0.693937
      0.52   0.857637   0.584621   0.695289
      0.53   0.852405   0.591926   0.698677
      0.54   0.847535   0.596408   0.700133
      0.55   0.839284   0.605393   0.703405
      0.56   0.833367   0.610986   0.705057
      0.57   0.824512   0.618268   0.706649
      0.58   0.821091   0.623827   0.708994
      0.59   0.812075   0.631136   0.710263
       0.6   0.807567   0.636755    0.71206
      0.61   0.797022   0.643736   0.712225
      0.62    0.79026   0.650951   0.713872
      0.63   0.785711   0.654383   0.714059
      0.64   0.777581   0.660838   0.714472
      0.65   0.769048   0.663531   0.712404
      0.66   0.757416   0.668637   0.710263
      0.67   0.749044   0.672515    0.70872
      0.68   0.740914   0.677066   0.707553
      0.69   0.735762   0.680562   0.707086
       0.7   0.726867   0.685165     0.7054
      0.71   0.716683   0.689633   0.702898
      0.72   0.711572    0.69188   0.701588
      0.73   0.699094    0.69519   0.697137
      0.74   0.691205   0.696459   0.693822
      0.75   0.682109   0.700053   0.690965
      0.76   0.674421   0.701484   0.687687
      0.77   0.661984   0.704431   0.682548
      0.78   0.652204   0.705871   0.677977
      0.79   0.637271   0.708103   0.670822
       0.8   0.628939   0.710478   0.667227
      0.81   0.614651   0.713364   0.660339
      0.82   0.602455   0.716524   0.654557
      0.83   0.590461    0.71696   0.647591
      0.84   0.569571   0.716994   0.634836
      0.85   0.563695   0.716841    0.63111
      0.86   0.551459   0.720701   0.624823
      0.87   0.541356   0.721267   0.618494
      0.88   0.529282   0.723491   0.611333
      0.89   0.514228   0.723233    0.60108
       0.9   0.498853   0.721417   0.589838
      0.91   0.483598   0.722407   0.579359
      0.92   0.474421   0.722254   0.572674
      0.93   0.465043   0.723665   0.566221
      0.94   0.458241   0.724651   0.561446
      0.95   0.450231   0.726202   0.555848
      0.96    0.44186   0.727533   0.549802
      0.97   0.433649   0.729229   0.543873
      0.98     0.4258   0.729592   0.537757
      0.99   0.413725   0.730934   0.528377
