         0          1   0.308236   0.471224
      0.01   0.892203    0.44964   0.597939
      0.02   0.892203    0.44964   0.597939
      0.03   0.892203    0.44964   0.597939
      0.04   0.892203   0.449666   0.597962
      0.05   0.892203   0.449718   0.598008
      0.06   0.892203   0.449873   0.598145
      0.07   0.892203   0.450075   0.598324
      0.08   0.892203    0.45111   0.599237
      0.09   0.891801   0.451488    0.59948
       0.1   0.891801   0.452619   0.600476
      0.11   0.891801    0.45427   0.601927
      0.12   0.891801   0.455462   0.602973
      0.13   0.891751   0.457688   0.604909
      0.14     0.8917   0.459617   0.606579
      0.15   0.891046   0.462709   0.609113
      0.16   0.890996   0.465793   0.611768
      0.17    0.88999   0.470291   0.615394
      0.18   0.889688   0.473376   0.617957
      0.19   0.888934   0.478189   0.621859
       0.2   0.888431   0.480432   0.623628
      0.21   0.887072   0.484193   0.626449
      0.22   0.886167   0.487595   0.629061
      0.23   0.885815   0.490381   0.631287
      0.24   0.885412   0.494406   0.634509
      0.25   0.884406   0.496639   0.636084
      0.26   0.883048   0.498674   0.637398
      0.27   0.882093   0.500707   0.638806
      0.28   0.880684   0.504044   0.641142
      0.29   0.879225    0.50574   0.642124
       0.3   0.876911    0.50843   0.643665
      0.31   0.872384   0.510389   0.644003
      0.32   0.867555   0.512375   0.644256
      0.33   0.862777   0.516808   0.646412
      0.34   0.858853   0.518697   0.646778
      0.35   0.853219   0.523255   0.648688
      0.36   0.849044    0.52623   0.649751
      0.37   0.842354   0.531578   0.651818
      0.38   0.838934   0.535058   0.653393
      0.39    0.83164   0.539105   0.654157
       0.4    0.82666   0.543873   0.656092
      0.41   0.818813   0.549271   0.657489
      0.42   0.809759   0.555738    0.65912
      0.43   0.803571   0.561058   0.660766
      0.44   0.795875    0.56674   0.662042
      0.45   0.783702   0.570928   0.660605
      0.46   0.772837   0.580066   0.662718
      0.47    0.76333   0.585375   0.662612
      0.48    0.75337   0.593746   0.664101
      0.49   0.747133   0.599167   0.665018
       0.5   0.739386   0.606452   0.666354
      0.51   0.726459    0.61267    0.66473
      0.52   0.720372   0.615936   0.664073
      0.53   0.712575   0.622607    0.66456
      0.54   0.699145   0.628721   0.662065
      0.55    0.67993   0.634321   0.656334
      0.56   0.664537   0.638049   0.651024
      0.57   0.653773    0.64157   0.647614
      0.58   0.649547   0.646604   0.648072
      0.59   0.637726   0.653505   0.645519
       0.6   0.629527   0.658271   0.643578
      0.61   0.620473   0.663678   0.641349
      0.62   0.611217   0.667543    0.63814
      0.63   0.602867   0.671136   0.635173
      0.64   0.590996   0.679923   0.632348
      0.65   0.583853   0.683598   0.629801
      0.66   0.569567    0.69152   0.624647
      0.67   0.556187   0.693169   0.617169
      0.68   0.543813   0.695703   0.610452
      0.69   0.528722   0.700121   0.602468
       0.7   0.511368   0.704618   0.592637
      0.71   0.488028   0.707781   0.577713
      0.72   0.475905    0.70779   0.569135
      0.73   0.452918   0.709992    0.55304
      0.74   0.442958   0.713727    0.54665
      0.75   0.424145   0.716646   0.532896
      0.76   0.413632   0.718103   0.524911
      0.77   0.400503   0.721016   0.514961
      0.78   0.384155   0.724708   0.502136
      0.79   0.367606   0.726141   0.488109
       0.8   0.358954   0.728962   0.481037
      0.81   0.339638   0.727967   0.463177
      0.82   0.317354   0.730696   0.442516
      0.83    0.30996   0.728445   0.434876
      0.84   0.286016   0.725997   0.410364
      0.85    0.27339   0.724763    0.39702
      0.86   0.260262   0.726891   0.383288
      0.87   0.247334   0.725835   0.368947
      0.88   0.234859   0.717901   0.353931
      0.89   0.229326   0.717201   0.347529
       0.9   0.212022   0.715499   0.327112
      0.91   0.197384    0.71729   0.309579
      0.92   0.187173   0.718905   0.297016
      0.93   0.165543   0.724965   0.269538
      0.94   0.148239   0.722307   0.245993
      0.95   0.132042   0.718121   0.223068
      0.96   0.124145   0.719858   0.211769
      0.97   0.119668   0.723608   0.205372
      0.98    0.11841    0.72167   0.203441
      0.99   0.109306   0.715812   0.189652
