         0          1   0.363236   0.532903
      0.01     0.9721   0.345124   0.509397
      0.02     0.9721   0.345124   0.509397
      0.03     0.9721   0.345181   0.509459
      0.04     0.9721   0.345571   0.509884
      0.05     0.9721   0.346307   0.510684
      0.06     0.9721   0.348151   0.512687
      0.07   0.972014   0.350006   0.514683
      0.08   0.971368   0.353653   0.518523
      0.09   0.970895   0.356718   0.521742
       0.1   0.970593    0.36365   0.529074
      0.11   0.968311   0.372786   0.538325
      0.12   0.967106     0.3795   0.545099
      0.13   0.961896   0.391619    0.55662
      0.14   0.957289    0.40089   0.565121
      0.15   0.947602   0.416593   0.578751
      0.16   0.937269   0.427646   0.587317
      0.17   0.922501   0.446565   0.601807
      0.18   0.910747   0.460445   0.611656
      0.19   0.886377    0.48301   0.625286
       0.2   0.870619   0.498328   0.633851
      0.21   0.843796    0.52066   0.643964
      0.22   0.818565   0.542953   0.652863
      0.23   0.804142   0.556485   0.657775
      0.24   0.774175   0.572188    0.65803
      0.25   0.754112   0.581855   0.656878
      0.26   0.723801   0.594734    0.65295
      0.27   0.699561   0.599092    0.64544
      0.28   0.665935   0.608027   0.635665
      0.29   0.646603    0.61208   0.628868
       0.3   0.608499   0.615022   0.611743
      0.31   0.576165   0.617647   0.596185
      0.32   0.555369   0.614264   0.583334
      0.33     0.5155   0.608909   0.558325
      0.34    0.49789   0.605559   0.546472
      0.35   0.471756   0.601761   0.528886
      0.36    0.45518   0.599927   0.517624
      0.37   0.435632   0.595616   0.503215
      0.38   0.418841   0.590521   0.490081
      0.39   0.401705    0.58319   0.475727
       0.4   0.392104   0.579146   0.467615
      0.41   0.375829   0.578568   0.455665
      0.42   0.362482   0.575369   0.444763
      0.43    0.35344    0.57189   0.436879
      0.44   0.342892   0.572166   0.428806
      0.45   0.339792   0.571693   0.426242
      0.46   0.330406    0.57139   0.418699
      0.47   0.327478   0.571152   0.416277
      0.48   0.319943   0.570496   0.409969
      0.49   0.318178   0.572376   0.408998
       0.5   0.313399    0.57497   0.405676
      0.51   0.308318     0.5769   0.401864
      0.52   0.305434   0.579028   0.399915
      0.53   0.303022   0.583437   0.398878
      0.54   0.298329   0.586359   0.395457
      0.55   0.297124   0.588179   0.394807
      0.56   0.296521   0.591335   0.394981
      0.57   0.295143   0.593371   0.394207
      0.58   0.293723    0.59481   0.393253
      0.59   0.292216   0.598513   0.392701
       0.6   0.290881   0.601988   0.392234
      0.61     0.2889   0.606029   0.391276
      0.62   0.286662   0.610753   0.390186
      0.63   0.285068   0.614156   0.389394
      0.64   0.283691   0.615668   0.388408
      0.65   0.282528   0.619456   0.388064
      0.66   0.280548   0.621212   0.386532
      0.67   0.278782   0.622605    0.38512
      0.68   0.278309   0.626511    0.38541
      0.69   0.277534   0.628493   0.385039
       0.7    0.27706   0.632124   0.385261
      0.71   0.276414    0.63467   0.385106
      0.72   0.275467   0.635251   0.384292
      0.73   0.274778   0.637495   0.384029
      0.74   0.274305   0.637895   0.383639
      0.75   0.273056   0.640464   0.382876
      0.76   0.271592   0.640278   0.381402
      0.77    0.27086   0.640514   0.380721
      0.78   0.270602   0.640842   0.380524
      0.79   0.269827   0.642661   0.380076
       0.8   0.269181    0.64299   0.379492
      0.81   0.266641   0.641196   0.376651
      0.82   0.263756   0.641038   0.373737
      0.83   0.261345   0.641141   0.371328
      0.84   0.257815   0.641026   0.367731
      0.85   0.256265   0.644958    0.36679
      0.86   0.254026   0.643125   0.364198
      0.87   0.249247   0.643167   0.359267
      0.88   0.247008   0.643813   0.357034
      0.89   0.244984   0.642369   0.354696
       0.9   0.239817   0.635719   0.348258
      0.91   0.231551   0.627921   0.338337
      0.92   0.220658   0.618321   0.325246
      0.93   0.209593   0.604512   0.311265
      0.94   0.198269   0.594945   0.297421
      0.95    0.18828   0.581727   0.284485
      0.96   0.182253   0.571217   0.276337
      0.97   0.166839   0.546825   0.255671
      0.98   0.156118   0.533388    0.24154
      0.99   0.137863   0.513632   0.217379
