         0          1   0.164811   0.282983
      0.01    0.98571   0.177585    0.30095
      0.02    0.98571   0.177585    0.30095
      0.03    0.98571   0.177591   0.300959
      0.04    0.98571   0.177634   0.301021
      0.05    0.98571     0.1777   0.301115
      0.06    0.98571   0.177983   0.301522
      0.07    0.98571   0.178362   0.302066
      0.08    0.98571   0.179426   0.303591
      0.09    0.98571   0.180233   0.304744
       0.1    0.98571   0.181902   0.307127
      0.11    0.98571   0.183824   0.309862
      0.12    0.98571   0.185304   0.311962
      0.13    0.98571   0.187544   0.315131
      0.14   0.985615   0.189557   0.317962
      0.15   0.985043   0.193457     0.3234
      0.16   0.984376   0.196247   0.327252
      0.17   0.983424    0.20061   0.333241
      0.18   0.982662   0.204409   0.338422
      0.19    0.97847    0.21026   0.346139
       0.2   0.976374   0.214215   0.351346
      0.21   0.971516    0.22047   0.359384
      0.22   0.965704   0.227912   0.368787
      0.23   0.962942   0.233207   0.375479
      0.24   0.956083   0.240495   0.384318
      0.25   0.942269   0.246254   0.390464
      0.26   0.935982   0.255733   0.401709
      0.27   0.929313   0.261642   0.408324
      0.28   0.912451   0.269493   0.416093
      0.29   0.905116    0.27515   0.422011
       0.3   0.890731   0.284531   0.431292
      0.31    0.87063     0.2961   0.441907
      0.32   0.862818   0.302992    0.44849
      0.33   0.851196   0.315778    0.46066
      0.34    0.84386   0.322406   0.466558
      0.35   0.834524   0.333933   0.476996
      0.36   0.822711   0.340267   0.481422
      0.37   0.809755    0.35278   0.491453
      0.38   0.794799   0.359096   0.494688
      0.39   0.780699    0.36887   0.501017
       0.4   0.765457   0.372892   0.501486
      0.41   0.745451   0.379384   0.502851
      0.42   0.718872   0.387649   0.503687
      0.43   0.700391   0.391604   0.502339
      0.44   0.672954   0.400435     0.5021
      0.45   0.657331   0.403053   0.499704
      0.46   0.619701   0.406564      0.491
      0.47   0.595789   0.410659   0.486197
      0.48   0.578832   0.412924   0.482001
      0.49   0.563685   0.414188   0.477509
       0.5   0.539202   0.415517   0.469347
      0.51   0.505097   0.412405   0.454069
      0.52   0.486806    0.40887   0.444447
      0.53   0.444984   0.400518   0.421582
      0.54    0.42536    0.39501   0.409623
      0.55   0.404306    0.38846   0.396225
      0.56   0.386587    0.38244   0.384502
      0.57   0.353911   0.375839   0.364545
      0.58   0.322473   0.365258   0.342535
      0.59   0.305325   0.354935   0.328266
       0.6   0.286653   0.351141   0.315637
      0.61   0.270268   0.346984   0.303858
      0.62   0.254263   0.340936   0.291289
      0.63   0.239497   0.336369   0.279785
      0.64   0.230733   0.330317   0.271687
      0.65   0.226065   0.323293   0.266075
      0.66   0.214442   0.317125   0.255866
      0.67   0.207488   0.311047   0.248926
      0.68   0.198914   0.297502   0.238418
      0.69   0.185577    0.28795   0.225697
       0.7   0.178622   0.277325    0.21729
      0.71    0.16681   0.259165   0.202975
      0.72   0.161475    0.24535   0.194766
      0.73   0.140421   0.225655   0.173116
      0.74   0.136039   0.210475   0.165262
      0.75   0.120034   0.180412   0.144157
      0.76   0.104125    0.16453   0.127537
      0.77  0.0977422   0.150334   0.118463
      0.78  0.0882157   0.142039   0.108837
      0.79  0.0842145   0.133011   0.103132
       0.8  0.0763075   0.119255  0.0930653
      0.81  0.0644946   0.103493   0.079467
      0.82   0.040583  0.0942127  0.0567293
      0.83  0.0369629  0.0909091  0.0525567
      0.84  0.0291512  0.0907801  0.0441311
      0.85  0.0277222  0.0901163  0.0424008
      0.86  0.0194341  0.0861027  0.0317108
      0.87  0.0194341  0.0876923   0.031817
      0.88  0.0183862  0.0863422  0.0303166
      0.89  0.0164809  0.0837359  0.0275412
       0.9  0.0142898  0.0771812  0.0241148
      0.91 0.00590645  0.0731707  0.0109306
      0.92 0.00590645  0.0742049   0.010942
      0.93 0.00590645   0.076225  0.0109634
      0.94 0.00590645  0.0773585  0.0109749
      0.95 0.00571592  0.0763209  0.0106353
      0.96 0.00552539  0.0691057  0.0102326
      0.97 0.00543012  0.0677966  0.0100549
      0.98 0.00543012  0.0688889  0.0100667
      0.99 0.00543012  0.0736342  0.0101144
