         0          1   0.317058   0.481463
      0.01    0.96828   0.374368   0.539967
      0.02    0.96828   0.374368   0.539967
      0.03    0.96828   0.374368   0.539967
      0.04    0.96828   0.374339   0.539937
      0.05    0.96828   0.374391   0.539991
      0.06    0.96828     0.3745   0.540104
      0.07    0.96828   0.374569   0.540176
      0.08    0.96828   0.374868   0.540487
      0.09    0.96828    0.37549   0.541134
       0.1    0.96828   0.376474   0.542155
      0.11    0.96828    0.37801   0.543746
      0.12    0.96828   0.379132   0.544905
      0.13    0.96828   0.381147   0.546984
      0.14    0.96828    0.38232    0.54819
      0.15   0.968231    0.38415   0.550061
      0.16   0.967987   0.385423   0.551325
      0.17   0.967595   0.388511   0.554413
      0.18   0.967106   0.390343   0.556195
      0.19   0.966763   0.392469   0.558293
       0.2   0.966616   0.394287   0.560104
      0.21   0.964952   0.396562   0.562115
      0.22   0.964218   0.398067     0.5635
      0.23   0.963826   0.399709   0.565075
      0.24    0.96319   0.401744   0.566995
      0.25   0.962651   0.403752   0.568898
      0.26   0.961721   0.405938   0.570902
      0.27   0.960889   0.407126   0.571927
      0.28   0.959127   0.408815   0.573278
      0.29   0.957658    0.40955   0.573737
       0.3   0.955211   0.412032   0.575724
      0.31   0.952763   0.413953   0.577149
      0.32    0.94919   0.415014    0.57752
      0.33   0.943805   0.416812   0.578251
      0.34   0.940232    0.41907   0.579743
      0.35   0.937491   0.423547   0.583483
      0.36   0.931666   0.426058   0.584719
      0.37   0.923687   0.429142    0.58602
      0.38    0.91796   0.431483   0.587033
      0.39   0.902687   0.434855   0.586954
       0.4   0.895492   0.437908   0.588185
      0.41   0.884821   0.441454    0.58903
      0.42   0.869891     0.4428   0.586868
      0.43   0.863038   0.444426   0.586719
      0.44   0.847716   0.446073   0.584552
      0.45   0.837339   0.447935   0.583647
      0.46    0.82143   0.449454   0.581005
      0.47   0.815018   0.451738   0.581287
      0.48   0.802389   0.456455    0.58189
      0.49   0.791228   0.459036   0.581001
       0.5   0.780019   0.464025    0.58189
      0.51   0.764012   0.466953   0.579639
      0.52   0.755103   0.469395   0.578917
      0.53   0.741544   0.474229   0.578499
      0.54   0.731656   0.475345   0.576286
      0.55   0.709335     0.4779    0.57106
      0.56   0.698664   0.479016   0.568356
      0.57   0.678105   0.483805   0.564709
      0.58   0.670077   0.485583   0.563103
      0.59   0.650546   0.485359   0.555941
       0.6   0.638357     0.4868   0.552372
      0.61   0.623036   0.490128   0.548648
      0.62   0.602085   0.491345   0.541107
      0.63   0.592197     0.4932   0.538184
      0.64   0.571736   0.496749   0.531611
      0.65   0.560869   0.498789   0.528011
      0.66   0.548779   0.503113   0.524955
      0.67   0.537422   0.505722    0.52109
      0.68   0.520143   0.510998    0.51553
      0.69   0.513975   0.512497   0.513235
       0.7    0.49699   0.514642   0.505662
      0.71   0.478095   0.515875   0.496267
      0.72   0.470312   0.517787   0.492909
      0.73   0.452249   0.522604   0.484888
      0.74   0.444956   0.523835   0.481184
      0.75   0.433012   0.524123   0.474231
      0.76    0.42425   0.524979    0.46927
      0.77   0.411278   0.527485   0.462189
      0.78   0.403299   0.526679   0.456805
      0.79   0.392922   0.525344   0.449585
       0.8   0.385873   0.526282   0.445271
      0.81   0.371482   0.524799   0.435027
      0.82   0.355377   0.521269   0.422627
      0.83   0.345391   0.520514   0.415244
      0.84   0.328357   0.520015   0.402537
      0.85   0.324539   0.521673   0.400144
      0.86   0.314259   0.520629   0.391938
      0.87   0.299231   0.517614   0.379231
      0.88   0.291742   0.516089   0.372763
      0.89   0.284498   0.514985   0.366517
       0.9     0.2774   0.515679   0.360744
      0.91    0.26991   0.515984   0.354423
      0.92   0.265162   0.515833    0.35027
      0.93   0.261736   0.519395    0.34807
      0.94   0.256253   0.520369   0.343401
      0.95   0.247638   0.520624   0.335631
      0.96   0.245925   0.523736   0.334692
      0.97    0.23775   0.521277   0.326559
      0.98   0.234128   0.519126   0.322712
      0.99   0.227373   0.521788   0.316729
