         0          1    0.28722   0.446264
      0.01   0.884119   0.377088   0.528685
      0.02   0.884119   0.377088   0.528685
      0.03   0.884119   0.377088   0.528685
      0.04   0.884119    0.37711   0.528706
      0.05   0.884119   0.377152   0.528748
      0.06   0.884119    0.37736   0.528952
      0.07   0.884119   0.377667   0.529254
      0.08   0.884119   0.378062   0.529642
      0.09   0.884119    0.37876   0.530326
       0.1   0.883557   0.379247   0.530702
      0.11   0.883404   0.380268   0.531673
      0.12   0.882383    0.38095   0.532154
      0.13   0.881413   0.382028   0.533027
      0.14   0.880903   0.383047   0.533925
      0.15   0.879831   0.385067   0.535685
      0.16    0.87932   0.386584   0.537056
      0.17    0.87396   0.388098   0.537506
      0.18   0.873296   0.390271    0.53946
      0.19   0.868498   0.391913   0.540102
       0.2   0.868089   0.393401   0.541435
      0.21   0.863801   0.395897    0.54295
      0.22   0.859921   0.400026    0.54604
      0.23      0.854   0.401664   0.546358
      0.24     0.8516   0.404312   0.548306
      0.25    0.85012   0.407395   0.550824
      0.26   0.845781   0.410907     0.5531
      0.27   0.843892   0.413694   0.555211
      0.28    0.83894   0.417104   0.557186
      0.29   0.835009   0.419253   0.558225
       0.3   0.828169   0.422572   0.559606
      0.31   0.823421   0.425645   0.561195
      0.32    0.81898   0.428203   0.562371
      0.33   0.815713   0.431454   0.564387
      0.34   0.811067   0.434027    0.56546
      0.35   0.804482   0.437267   0.566578
      0.36   0.802389   0.438617   0.567187
      0.37   0.795191   0.440911   0.567281
      0.38   0.790444   0.441539   0.566586
      0.39    0.78299   0.444213   0.566841
       0.4   0.775741   0.445347   0.565846
      0.41   0.767574   0.447666   0.565512
      0.42   0.757364   0.449257   0.563974
      0.43   0.750115   0.450247   0.562726
      0.44   0.738782    0.44969   0.559076
      0.45   0.731227   0.451811   0.558522
      0.46   0.718669   0.451628   0.554681
      0.47   0.706723   0.452039   0.551392
      0.48   0.695135   0.452327   0.548041
      0.49   0.685793   0.454456   0.546657
       0.5   0.675736   0.456538    0.54492
      0.51   0.664301   0.458937   0.542846
      0.52   0.659248   0.460434    0.54219
      0.53   0.650059   0.461918   0.540072
      0.54   0.642657   0.461743   0.537382
      0.55   0.631017   0.462832   0.533995
      0.56   0.624738   0.463987   0.532495
      0.57    0.61412   0.464167   0.528717
      0.58   0.609883   0.463564   0.526751
      0.59   0.600082   0.464724     0.5238
       0.6   0.595538   0.465124   0.522313
      0.61   0.585941   0.464889   0.518443
      0.62   0.577518   0.465331    0.51539
      0.63   0.568789   0.465746   0.512136
      0.64   0.551126   0.463393   0.503466
      0.65   0.540865   0.464193   0.499604
      0.66    0.52749   0.464148   0.493796
      0.67   0.516616   0.461341   0.487416
      0.68    0.49584   0.458402   0.476386
      0.69   0.486651   0.456868   0.471289
       0.7   0.474552   0.453796   0.463942
      0.71   0.459135   0.450281   0.454665
      0.72   0.448058   0.449469   0.448762
      0.73   0.431211   0.446763   0.438849
      0.74   0.420593   0.444308   0.432125
      0.75   0.406197   0.442076   0.423378
      0.76   0.398999   0.437599   0.417409
      0.77   0.378988   0.432432    0.40395
      0.78   0.372658   0.429377   0.399012
      0.79   0.357343   0.426105   0.388707
       0.8   0.353106   0.424179   0.385393
      0.81   0.338098   0.419819   0.374553
      0.82   0.324672     0.4174   0.365242
      0.83   0.318036    0.41558   0.360323
      0.84   0.308336   0.414131   0.353488
      0.85   0.300475    0.41083   0.347092
      0.86   0.288733   0.409437   0.338651
      0.87   0.275308    0.40678   0.328373
      0.88   0.264587   0.404185   0.319817
      0.89    0.26035   0.403895   0.316612
       0.9   0.246618   0.401502   0.305553
      0.91   0.237123   0.403485   0.298702
      0.92    0.23064   0.403983   0.293637
      0.93   0.219256   0.402572   0.283893
      0.94   0.211854   0.400711   0.277169
      0.95   0.200163   0.399151   0.266623
      0.96   0.195824   0.398356   0.262573
      0.97   0.188779   0.400458   0.256597
      0.98   0.183726   0.401421   0.252078
      0.99    0.17469   0.400749   0.243316
