         0          1   0.273534   0.429567
      0.01   0.979184   0.368114   0.535073
      0.02   0.979184   0.368114   0.535073
      0.03   0.979184   0.368114   0.535073
      0.04   0.979184   0.368156   0.535117
      0.05   0.979184   0.368245   0.535212
      0.06   0.979184   0.368376    0.53535
      0.07   0.978845   0.368508   0.535438
      0.08   0.978845   0.369183    0.53615
      0.09   0.978845    0.36942     0.5364
       0.1   0.978845    0.37009   0.537106
      0.11   0.978167   0.370463   0.537397
      0.12   0.978119   0.371471   0.538449
      0.13   0.978022    0.37323    0.54028
      0.14   0.978022   0.374436   0.541543
      0.15   0.978022    0.37612   0.543301
      0.16    0.97778   0.377762   0.544975
      0.17   0.977344   0.379786   0.547009
      0.18   0.977344   0.381681   0.548973
      0.19   0.977344   0.384307   0.551683
       0.2   0.976909   0.385999   0.553355
      0.21   0.976715   0.388459   0.555847
      0.22   0.976521   0.390908   0.558318
      0.23   0.976376   0.392451   0.559866
      0.24   0.976086   0.394868   0.562272
      0.25   0.975989   0.396913   0.564327
      0.26   0.974536   0.399742   0.566935
      0.27   0.973036   0.401738   0.568684
      0.28   0.970131    0.40586   0.572296
      0.29   0.968776   0.407685   0.573871
       0.3   0.965145   0.410701   0.576207
      0.31   0.961659   0.414156   0.578968
      0.32   0.960643   0.416602   0.581168
      0.33   0.957351   0.420025    0.58388
      0.34   0.955027    0.42277    0.58609
      0.35   0.951058   0.426667   0.589065
      0.36   0.947621   0.429985   0.591552
      0.37   0.945539   0.434529   0.595426
      0.38   0.942199   0.437421   0.597466
      0.39   0.939052     0.4412   0.600339
       0.4   0.937261   0.444907   0.603391
      0.41   0.933049   0.450854   0.607946
      0.42   0.926466   0.456339   0.611485
      0.43    0.92206   0.459608   0.613441
      0.44   0.918914   0.466005   0.618402
      0.45   0.917026   0.469663   0.621182
      0.46   0.913105   0.473537   0.623649
      0.47   0.909425   0.476015   0.624928
      0.48   0.904439   0.480346   0.627453
      0.49   0.901002   0.483096   0.628959
       0.5   0.897371   0.486899   0.631278
      0.51   0.891514    0.49174   0.633858
      0.52    0.88919   0.493937   0.635088
      0.53   0.881445   0.497999   0.636428
      0.54   0.870504   0.498352   0.633839
      0.55   0.862177   0.500847   0.633619
      0.56   0.858402   0.501947   0.633473
      0.57   0.850027   0.504753   0.633392
      0.58   0.844605   0.505424   0.632406
      0.59   0.838021   0.508641   0.633049
       0.6   0.832115    0.51062   0.632879
      0.61   0.815026   0.513051   0.629708
      0.62    0.80365   0.517136   0.629317
      0.63   0.795662   0.518423   0.627798
      0.64   0.785254   0.520767   0.626229
      0.65   0.775524   0.522428     0.6243
      0.66     0.7656    0.52607   0.623625
      0.67   0.755821    0.52851    0.62205
      0.68   0.738878   0.531525   0.618279
      0.69   0.726872   0.533554   0.615388
       0.7   0.713366   0.537243   0.612903
      0.71   0.698746   0.539645   0.608975
      0.72   0.689839   0.540331      0.606
      0.73   0.676381   0.543062   0.602434
      0.74   0.670572   0.545188   0.601414
      0.75   0.655904   0.543994    0.59473
      0.76   0.637605   0.542446   0.586189
      0.77   0.617563   0.543928   0.578411
      0.78   0.604831   0.544632   0.573155
      0.79   0.589582   0.541575    0.56456
       0.8   0.575398   0.539438   0.556838
      0.81   0.544464   0.534069   0.539217
      0.82   0.516484   0.533367   0.524789
      0.83   0.501622   0.532225    0.51647
      0.84   0.475238   0.526805   0.499695
      0.85    0.45936   0.524651   0.489839
      0.86   0.439899   0.525277   0.478812
      0.87   0.427071   0.525293   0.471117
      0.88   0.400494   0.523407   0.453774
      0.89   0.385632   0.521871   0.443525
       0.9   0.366946   0.528934   0.433295
      0.91   0.353536   0.536451   0.426197
      0.92   0.350777   0.541463   0.425744
      0.93   0.341047   0.549104    0.42076
      0.94   0.333592   0.553957   0.416417
      0.95   0.330058   0.562371   0.415977
      0.96   0.328557   0.568372   0.416404
      0.97   0.326282    0.57679   0.416791
      0.98   0.325846   0.584839   0.418515
      0.99   0.324587   0.590683   0.418954
