         0          1   0.279386    0.43675
      0.01   0.938367   0.349379   0.509177
      0.02   0.938367   0.349379   0.509178
      0.03   0.938367   0.349384   0.509183
      0.04   0.938367   0.349456    0.50926
      0.05   0.938367   0.349565   0.509376
      0.06   0.938349   0.349884   0.509711
      0.07   0.938311   0.350215   0.510056
      0.08   0.938126   0.351055   0.510919
      0.09    0.93798    0.35184   0.511729
       0.1   0.937734   0.353352   0.513289
      0.11   0.937316   0.355275   0.515252
      0.12   0.936961   0.356786   0.516785
      0.13   0.936336   0.359417   0.519443
      0.14   0.935779   0.361441   0.521468
      0.15   0.934628   0.364835   0.524809
      0.16   0.933615   0.367331   0.527225
      0.17    0.93152   0.371429   0.531093
      0.18   0.929981   0.374347   0.533816
      0.19   0.927144    0.37897   0.538023
       0.2   0.924993    0.38214   0.540843
      0.21   0.920987   0.387097   0.545089
      0.22   0.917135   0.392113   0.549354
      0.23   0.913959   0.395576   0.552166
      0.24   0.908928   0.400868   0.556362
      0.25   0.905436   0.404429   0.559118
      0.26   0.899668   0.409748   0.563056
      0.27    0.89513   0.413349   0.565544
      0.28   0.888013   0.418594    0.56898
      0.29   0.882584   0.422283   0.571246
       0.3   0.874653    0.42815   0.574888
      0.31   0.866082    0.43395   0.578195
      0.32   0.860328   0.437816   0.580314
      0.33    0.85103    0.44379   0.583368
      0.34   0.844456   0.447862   0.585305
      0.35   0.835025    0.45385   0.588072
      0.36    0.82774   0.457749   0.589499
      0.37   0.816542    0.46394   0.591694
      0.38   0.808818   0.467981   0.592907
      0.39   0.796909   0.474087   0.594501
       0.4   0.788613   0.477984   0.595208
      0.41   0.776476   0.484016   0.596318
      0.42    0.76389   0.490125   0.597125
      0.43   0.755441   0.494416   0.597672
      0.44   0.742222   0.500338   0.597737
      0.45    0.73333   0.504252    0.59759
      0.46   0.720642   0.510077   0.597347
      0.47   0.712271   0.513934   0.597062
      0.48   0.699162   0.519878   0.596336
      0.49   0.690387   0.523529    0.59549
       0.5   0.676978   0.529123   0.593988
      0.51   0.662715   0.534803   0.591928
      0.52   0.653119    0.53848   0.590285
      0.53   0.638992   0.544131   0.587759
      0.54   0.629019   0.547419   0.585389
      0.55   0.615001     0.5529   0.582299
      0.56    0.60542   0.556546   0.579955
      0.57   0.591859   0.561729   0.576401
      0.58   0.582801   0.565118   0.573823
      0.59   0.569529    0.56988   0.569705
       0.6   0.561046   0.573516   0.567212
      0.61   0.546757   0.578346   0.562108
      0.62   0.532816   0.583159   0.556852
      0.63    0.52391   0.586309   0.553356
      0.64   0.510379   0.590984   0.547732
      0.65   0.501721   0.593688   0.543844
      0.66    0.48877   0.598221   0.537985
      0.67   0.480282   0.601036   0.533916
      0.68   0.467551   0.604784   0.527386
      0.69   0.459237   0.607311   0.522995
       0.7   0.447859   0.611684   0.517106
      0.71   0.435889   0.615618   0.510393
      0.72   0.427293   0.617947   0.505232
      0.73   0.414707   0.621667   0.497523
      0.74   0.406831   0.624051   0.492556
      0.75   0.394922   0.627565   0.484777
      0.76   0.387334   0.630089   0.479751
      0.77   0.376543   0.633963   0.472465
      0.78   0.369093   0.636671   0.467288
      0.79   0.359013   0.640395   0.460092
       0.8   0.352839   0.643195   0.455696
      0.81   0.342484   0.646666   0.447804
      0.82   0.332833   0.649909    0.44022
      0.83    0.32639   0.652394   0.435101
      0.84   0.316345   0.655623   0.426769
      0.85   0.310526   0.657866   0.421904
      0.86   0.301684   0.661708   0.414425
      0.87   0.295268    0.66431   0.408824
      0.88   0.286577   0.667443   0.400985
      0.89   0.280522   0.670148   0.395492
       0.9   0.271963   0.673704     0.3875
      0.91   0.263605   0.677396   0.379522
      0.92   0.258575   0.680017   0.374679
      0.93   0.250758     0.6836   0.366922
      0.94   0.245155   0.686078   0.361232
      0.95   0.237881   0.689423   0.353715
      0.96   0.232662   0.691597   0.348189
      0.97   0.225347   0.694551   0.340288
      0.98   0.220619   0.696766   0.335126
      0.99   0.213696   0.698651   0.327286
