    119082       0.48   0.886765   0.702671   0.784057
     58060   0.473636   0.543591   0.582184   0.562226
     42049       0.61   0.908333   0.823381   0.863774
     24077   0.010101   0.892838   0.537497   0.671028
     78004       0.47   0.863024   0.679885   0.760585
     45096       0.37   0.775472   0.703073     0.7375
     38092       0.62   0.804957   0.681313   0.737992
     43074       0.35   0.776769    0.52041   0.623258
     16077       0.49   0.758417   0.451599   0.566109
     86000        0.5   0.739386   0.606452   0.666354
    101085       0.63   0.782809   0.698909   0.738484
     89072       0.37   0.795191   0.440911   0.567281
    126007       0.38   0.897602   0.637741    0.74568
     76053       0.28   0.771483   0.580224   0.662322
     86016   0.236869   0.783559   0.567271   0.658099
    103070       0.35    0.78914   0.475062   0.593086
      8023       0.26   0.964458   0.200152   0.331508
     41033       0.47   0.843876   0.519548   0.643137
    109053       0.33   0.791803   0.370892    0.50516
    130026       0.86   0.396489   0.493374   0.439657
    108082       0.46   0.677863   0.236975   0.351181
     69040          0          1   0.319512   0.484288
     14037       0.34   0.792058   0.555612   0.653093
     54082       0.16   0.908792   0.592663   0.717447
     62096       0.92   0.719245   0.642453   0.678684
     12084       0.24   0.954408   0.314584   0.473197
     69015       0.41   0.797247   0.770224   0.783503
     97033       0.53   0.881445   0.497999   0.636428
     19021       0.46   0.837503   0.705807   0.766036
     86068       0.42   0.718872   0.387649   0.503687
      3096       0.25   0.827319   0.662404   0.735733
     41069        0.5   0.781673   0.414156   0.541439
     21077       0.47   0.852583   0.629651   0.724352
    108070          0          1   0.230724    0.37494
    123074       0.52   0.582642   0.309689   0.404419
     38082        0.3   0.886319   0.467788   0.612373
     33039       0.82   0.607664   0.551786   0.578379
    108005       0.35   0.801126   0.431185   0.560627
    106024       0.42   0.812754   0.498039   0.617616
    102061       0.59   0.630046   0.469077   0.537775
     37073       0.03   0.986007   0.777033   0.869135
     65033       0.42   0.737586   0.576651   0.647265
     55073        0.4   0.752551   0.521024   0.615742
     66053       0.35   0.809918   0.486994   0.608253
     85048       0.64   0.777581   0.660838   0.714472
     42012       0.04   0.878574   0.480253   0.621033
     87046       0.41   0.884821   0.441454    0.58903
    105025       0.64   0.638744   0.490909   0.555153
    101087       0.43   0.859554   0.779654   0.817657
     69020       0.46   0.797442   0.551238   0.651868
