         0          1   0.295659   0.456384
      0.01    0.99257   0.363775   0.532419
      0.02    0.99257   0.363807   0.532454
      0.03    0.99257   0.364035   0.532698
      0.04    0.99257   0.364857   0.533577
      0.05    0.99257   0.365769   0.534552
      0.06   0.992492    0.36817     0.5371
      0.07   0.992492   0.370365   0.539432
      0.08   0.992453   0.374543   0.543844
      0.09   0.992374   0.378368   0.547853
       0.1   0.992374     0.3852   0.554979
      0.11   0.991749   0.392406   0.562319
      0.12    0.99038   0.397757   0.567567
      0.13   0.989051   0.407954   0.577647
      0.14   0.988542   0.417065   0.586631
      0.15   0.985961   0.430761   0.599573
      0.16   0.983458   0.440508   0.608471
      0.17   0.978805   0.453861    0.62016
      0.18   0.972235   0.464469   0.628623
      0.19   0.967269   0.479318   0.640998
       0.2   0.963397   0.489455   0.649122
      0.21    0.95628   0.503621   0.659774
      0.22   0.946621    0.51878   0.670244
      0.23   0.941225   0.528858   0.677206
      0.24   0.927499    0.54262   0.684679
      0.25   0.919052    0.55184   0.689609
      0.26   0.906147   0.568583   0.698731
      0.27   0.897231   0.578665   0.703567
      0.28   0.883153   0.589245   0.706865
      0.29   0.872048    0.59877   0.710021
       0.3   0.851478   0.609636   0.710542
      0.31   0.832825   0.624047   0.713477
      0.32   0.816674   0.632074   0.712613
      0.33   0.787463   0.644349   0.708754
      0.34   0.770413     0.6509   0.705632
      0.35   0.743117   0.659509   0.698821
      0.36   0.730604   0.668012   0.697907
      0.37   0.710973   0.679313   0.694783
      0.38   0.698225   0.684963    0.69153
      0.39   0.676169   0.690733   0.683374
       0.4    0.65951   0.694815   0.676703
      0.41    0.63855   0.697761   0.666844
      0.42   0.623025    0.70195   0.660137
      0.43   0.609377   0.705412   0.653888
      0.44   0.591272   0.709889   0.645173
      0.45   0.578367   0.710886   0.637816
      0.46   0.557602   0.711924   0.625383
      0.47     0.5411   0.710854   0.614468
      0.48   0.517128   0.705954   0.596965
      0.49   0.501721   0.703633   0.585765
       0.5   0.468872   0.697337   0.560726
      0.51   0.443923   0.693847   0.541436
      0.52   0.425778   0.690439   0.526732
      0.53   0.398444   0.687928   0.504617
      0.54   0.384874   0.687187   0.493405
      0.55   0.358986   0.678643   0.469577
      0.56   0.339512   0.669652   0.450581
      0.57   0.306116   0.653959   0.417024
      0.58   0.283591   0.645689   0.394094
      0.59    0.25481   0.637378   0.364072
       0.6   0.241084   0.634401   0.349392
      0.61   0.220788   0.639048   0.328189
      0.62   0.203308   0.638814    0.30845
      0.63    0.18837   0.631328   0.290164
      0.64   0.173588   0.623967   0.271613
      0.65   0.164985   0.625414   0.261093
      0.66   0.148639   0.629492   0.240492
      0.67    0.13855   0.636119    0.22754
      0.68   0.123025   0.635258   0.206131
      0.69   0.116534   0.655738   0.197898
       0.7   0.106405   0.672101   0.183724
      0.71   0.100618   0.693837   0.175749
      0.72  0.0972939   0.719828   0.171418
      0.73  0.0900594     0.7343   0.160441
      0.74  0.0843892   0.747989   0.151667
      0.75  0.0757078   0.783699   0.138077
      0.76  0.0705068   0.808511   0.129703
      0.77   0.062764   0.825532   0.116659
      0.78    0.05682   0.857843    0.10658
      0.79  0.0480604   0.895954  0.0912272
       0.8   0.041608   0.922535  0.0796248
      0.81  0.0396919   0.942149  0.0761745
      0.82  0.0339434    0.96875  0.0655886
      0.83   0.031949   0.977011  0.0618747
      0.84  0.0254184    0.96875  0.0495371
      0.85  0.0210777   0.980392  0.0412682
      0.86  0.0174018   0.978723  0.0341957
      0.87  0.0150164          1  0.0295885
      0.88  0.0127092          1  0.0250994
      0.89  0.0127092          1  0.0250994
       0.9  0.0119271          1  0.0235731
      0.91  0.0114578          1  0.0226561
      0.92 0.00993274          1  0.0196701
      0.93 0.00993274          1  0.0196701
      0.94   0.009659          1  0.0191332
      0.95 0.00946348          1  0.0187495
      0.96 0.00789926          1  0.0156747
      0.97 0.00504458          1  0.0100385
      0.98 0.00465353          1 0.00926394
      0.99 0.00398874          1 0.00794578
