         0          1   0.223995   0.366006
      0.01   0.953311   0.270067   0.420897
      0.02   0.953311   0.270067   0.420897
      0.03   0.953311   0.270067   0.420897
      0.04   0.953311   0.270187   0.421043
      0.05   0.953311   0.270359   0.421252
      0.06   0.953311   0.270788   0.421771
      0.07   0.953311   0.271247   0.422328
      0.08   0.953311   0.272371   0.423689
      0.09   0.953118   0.273441   0.424963
       0.1   0.953053   0.275749    0.42774
      0.11   0.952989    0.27902   0.431657
      0.12   0.952924   0.281063   0.434091
      0.13    0.95228   0.284731   0.438386
      0.14     0.9497   0.287037   0.440837
      0.15   0.946798   0.292096   0.446456
      0.16   0.945444   0.294945   0.449623
      0.17   0.942413   0.299112   0.454098
      0.18   0.937835   0.302761   0.457747
      0.19   0.930225   0.309154   0.464076
       0.2   0.923712   0.313139    0.46772
      0.21   0.914748   0.320427   0.474605
      0.22   0.897724   0.328253   0.480727
      0.23   0.880377   0.332424   0.482616
      0.24   0.855162   0.341887   0.488482
      0.25    0.83717   0.347874   0.491509
      0.26   0.811891      0.355   0.493999
      0.27   0.800929   0.361898   0.498535
      0.28   0.774102   0.371456   0.502017
      0.29   0.759657   0.379487   0.506134
       0.3   0.737538   0.389748   0.509993
      0.31    0.71529   0.403269    0.51576
      0.32   0.697749   0.411091   0.517366
      0.33   0.672664   0.422111   0.518717
      0.34   0.655381   0.427982   0.517816
      0.35   0.631263   0.443866   0.521233
      0.36   0.616238   0.451919    0.52144
      0.37   0.589605   0.464138   0.519402
      0.38   0.565809   0.473569   0.515596
      0.39   0.552009   0.493936    0.52136
       0.4   0.546334   0.509023   0.527019
      0.41   0.536145   0.525401   0.530718
      0.42   0.525569    0.54028   0.532823
      0.43   0.517637   0.549815   0.533241
      0.44    0.50287   0.561252   0.530459
      0.45   0.493261   0.567169    0.52764
      0.46   0.470046   0.568985   0.514805
      0.47   0.447991   0.569712   0.501572
      0.48   0.427613   0.575654   0.490711
      0.49   0.415812   0.574944   0.482599
       0.5   0.394467   0.576035   0.468266
      0.51   0.366867   0.575963   0.448228
      0.52   0.352035   0.573913    0.43639
      0.53   0.338879   0.574605   0.426327
      0.54   0.329142   0.570552   0.417459
      0.55   0.311859   0.565737   0.402076
      0.56   0.300961   0.560195   0.391559
      0.57   0.290321   0.549242   0.379856
      0.58   0.265815   0.545232   0.357392
      0.59   0.237441   0.540661    0.32997
       0.6   0.220159   0.537356   0.312347
      0.61   0.202425   0.531283   0.293154
      0.62    0.18669   0.518913    0.27459
      0.63    0.17102        0.5   0.254865
      0.64   0.145418   0.460882   0.221081
      0.65   0.126459   0.439695   0.196425
      0.66    0.10434   0.413559   0.166638
      0.67  0.0968595    0.40395   0.156253
      0.68  0.0838976   0.390963   0.138149
      0.69  0.0773199   0.383158   0.128674
       0.7   0.069388   0.372685   0.116994
      0.71  0.0567486   0.339332  0.0972358
      0.72  0.0487522   0.319672   0.084602
      0.73  0.0385632   0.287462  0.0680037
      0.74  0.0342426   0.261438   0.060554
      0.75  0.0215387   0.218391  0.0392102
      0.76  0.0194106   0.210526   0.035544
      0.77  0.0105114   0.178571  0.0198541
      0.78 0.00973754   0.173709  0.0184413
      0.79 0.00470755   0.162304 0.00914972
       0.8 0.00470755   0.168539 0.00915927
      0.81 0.00470755   0.179641 0.00917468
      0.82 0.00470755   0.189189 0.00918652
      0.83 0.00451409   0.194245 0.00882314
      0.84 0.00451409   0.209302 0.00883758
      0.85 0.00412717   0.203252 0.00809006
      0.86 0.00412717   0.185185 0.00807439
      0.87 0.00393371   0.173469 0.00769296
      0.88 0.00393371   0.186047 0.00770451
      0.89 0.00341781   0.189873 0.00671475
       0.9 0.00341781   0.220588 0.00673133
      0.91 0.00283743   0.224138 0.00560391
      0.92 0.00283743    0.22449 0.00560402
      0.93 0.00277294   0.219512  0.0054767
      0.94 0.00141871   0.205882 0.00281801
      0.95 0.00128974   0.153846 0.00255804
      0.96 0.000515896        0.1  0.0010265
      0.97 0.000515896        0.2 0.00102914
      0.98 0.000515896   0.222222  0.0010294
      0.99 0.000515896       0.25 0.00102967
