         0          1   0.282356    0.44037
      0.01   0.891836   0.343472   0.495943
      0.02   0.891836   0.343488   0.495959
      0.03   0.891836   0.343712   0.496192
      0.04   0.891836   0.345077   0.497613
      0.05   0.891836   0.346486   0.499076
      0.06   0.891836   0.349896   0.502604
      0.07   0.891554   0.353265   0.506025
      0.08   0.891554   0.359205    0.51209
      0.09   0.890935   0.364275   0.517117
       0.1   0.888401   0.373363   0.525765
      0.11   0.883333   0.382343   0.533686
      0.12   0.880518   0.388981   0.539591
      0.13    0.87607   0.396718   0.546129
      0.14   0.861261   0.400157   0.546433
      0.15    0.84634    0.40776    0.55036
      0.16   0.837782   0.412381   0.552705
      0.17   0.823592   0.422203   0.558235
      0.18   0.809572   0.427159   0.559242
      0.19   0.779786   0.433907   0.557562
       0.2   0.763457   0.441075   0.559125
      0.21   0.746453   0.451226   0.562453
      0.22   0.724043   0.457445   0.560665
      0.23   0.706081   0.460046   0.557109
      0.24   0.672072   0.466452   0.550694
      0.25   0.644595   0.469872   0.543537
      0.26   0.602477   0.474521   0.530898
      0.27   0.581982   0.476721   0.524119
      0.28   0.544482   0.479712   0.510049
      0.29   0.517342   0.480575   0.498281
       0.3   0.485586   0.490241   0.487902
      0.31   0.457658   0.497161   0.476592
      0.32   0.431363     0.4964   0.461602
      0.33   0.394032   0.500124   0.440784
      0.34   0.369088   0.501725   0.425305
      0.35   0.336374   0.507427   0.404563
      0.36   0.323986    0.51587   0.398008
      0.37   0.308784   0.522719    0.38823
      0.38   0.294538   0.522762   0.376786
      0.39   0.267399   0.523276   0.353934
       0.4   0.252027    0.52583    0.34074
      0.41   0.232939   0.534419   0.324456
      0.42   0.210755   0.534938   0.302378
      0.43   0.193412   0.535484   0.284181
      0.44   0.179167   0.545586   0.269749
      0.45   0.167342   0.561208    0.25781
      0.46   0.149268   0.575068   0.237015
      0.47   0.138176   0.576885    0.22295
      0.48   0.126914   0.589345   0.208853
      0.49   0.120608   0.602888   0.201005
       0.5   0.114809   0.639232   0.194656
      0.51   0.107432   0.652905   0.184505
      0.52   0.105124   0.668309   0.181671
      0.53  0.0990428   0.678439   0.172852
      0.54  0.0949887   0.693227   0.167083
      0.55  0.0911599   0.736111   0.162229
      0.56  0.0856419   0.741772   0.153555
      0.57  0.0826014   0.752717   0.148866
      0.58  0.0790541   0.769912   0.143385
      0.59  0.0728604   0.775974   0.133213
       0.6  0.0692568   0.787004    0.12731
      0.61  0.0664414   0.821862   0.122944
      0.62  0.0585586   0.853774     0.1096
      0.63  0.0551239   0.850515   0.103537
      0.64  0.0478041   0.839286  0.0904559
      0.65   0.045777   0.840764  0.0868266
      0.66  0.0443131   0.846154  0.0842157
      0.67   0.040991   0.835938  0.0781498
      0.68  0.0359797   0.821429  0.0689398
      0.69  0.0351351   0.820755  0.0673856
       0.7  0.0289977   0.806818  0.0559834
      0.71  0.0246059   0.808219  0.0477577
      0.72  0.0217342    0.80303   0.042323
      0.73  0.0206644   0.925926  0.0404266
      0.74  0.0199887          1   0.039194
      0.75  0.0168919          1  0.0332226
      0.76  0.0155968          1  0.0307146
      0.77   0.013795          1  0.0272147
      0.78   0.011205          1  0.0221616
      0.79 0.00647523          1  0.0128671
       0.8 0.00613739          1  0.0121999
      0.81 0.00613739          1  0.0121999
      0.82 0.00501126          1 0.00997255
      0.83 0.00411036          1 0.00818707
      0.84          0          0          0
      0.85          0          0          0
      0.86          0          0          0
      0.87          0          0          0
      0.88          0          0          0
      0.89          0          0          0
       0.9          0          0          0
      0.91          0          0          0
      0.92          0          0          0
      0.93          0          0          0
      0.94          0          0          0
      0.95          0          0          0
      0.96          0          0          0
      0.97          0          0          0
      0.98          0          0          0
      0.99          0          0          0
