         0          1   0.230724    0.37494
      0.01   0.818666   0.202446   0.324618
      0.02   0.818666   0.202446   0.324618
      0.03   0.818666   0.202468   0.324646
      0.04   0.818666   0.202728   0.324981
      0.05   0.818666   0.203438   0.325892
      0.06   0.818582   0.205372   0.328362
      0.07    0.81799    0.20668   0.329984
      0.08   0.814943   0.210869   0.335044
      0.09   0.810289   0.213984    0.33856
       0.1   0.803435   0.218882   0.344037
      0.11   0.790151   0.224612    0.34979
      0.12   0.775343   0.228637   0.353139
      0.13   0.759519   0.234808   0.358717
      0.14   0.749196   0.238774   0.362134
      0.15   0.725165   0.244093   0.365244
      0.16   0.701642   0.247026   0.365404
      0.17   0.681587   0.251941   0.367895
      0.18   0.667118   0.254143   0.368068
      0.19   0.639702   0.257373   0.367064
       0.2   0.620325   0.259577      0.366
      0.21    0.58284    0.26132    0.36085
      0.22   0.549585   0.261428   0.354314
      0.23   0.530631   0.262576    0.35131
      0.24   0.506346   0.264418   0.347414
      0.25   0.495515   0.264104   0.344561
      0.26   0.458622   0.262069   0.333543
      0.27   0.450668   0.262568   0.331814
      0.28   0.434591   0.265204   0.329397
      0.29   0.421306   0.266301   0.326333
       0.3   0.383652   0.270006    0.31695
      0.31   0.338805   0.271418   0.301391
      0.32    0.32332   0.275332   0.297403
      0.33   0.305635   0.283676   0.294246
      0.34    0.28702    0.28658     0.2868
      0.35    0.26265   0.290737   0.275981
      0.36   0.246658   0.294336   0.268396
      0.37   0.223473   0.296643   0.254911
      0.38   0.202065   0.303084   0.242473
      0.39   0.177357   0.310894   0.225864
       0.4   0.169741   0.322711   0.222468
      0.41   0.150364   0.342023   0.208892
      0.42   0.136233   0.360048   0.197672
      0.43   0.122948   0.372139   0.184831
      0.44   0.110679   0.388889   0.172316
      0.45   0.105009   0.406277   0.166884
      0.46  0.0990015   0.439528   0.161603
      0.47    0.09714   0.458422    0.16031
      0.48  0.0952784   0.490706   0.159573
      0.49  0.0901168   0.508796   0.153114
       0.5  0.0837705   0.519501   0.144276
      0.51  0.0786935   0.543706   0.137488
      0.52  0.0775089   0.552239   0.135938
      0.53  0.0705703   0.560345   0.125354
      0.54  0.0689626   0.576112    0.12318
      0.55  0.0654087   0.587927   0.117721
      0.56  0.0597394   0.587719   0.108455
      0.57  0.0578778   0.592834    0.10546
      0.58  0.0553393   0.591398   0.101208
      0.59  0.0476392   0.571429  0.0879464
       0.6  0.0402775   0.565854  0.0752022
      0.61  0.0317313   0.558824  0.0600526
      0.62  0.0283466   0.559441  0.0539591
      0.63  0.0273312   0.571429  0.0521672
      0.64  0.0201388   0.574074  0.0389125
      0.65   0.019208   0.597938  0.0372203
      0.66  0.0175157   0.606742  0.0340484
      0.67  0.0173464   0.646341  0.0337861
      0.68  0.0170926   0.689189  0.0333578
      0.69  0.0162464   0.671429  0.0317252
       0.7  0.0151464   0.745763  0.0296898
      0.71  0.0143002   0.764706  0.0280754
      0.72  0.0120156   0.772727  0.0236632
      0.73 0.00829244   0.837838  0.0164223
      0.74 0.00651548   0.852941  0.0129322
      0.75 0.00600778   0.857143  0.0119319
      0.76 0.00550008        0.9  0.0109334
      0.77 0.00533085          1  0.0106052
      0.78 0.00380775          1 0.00758661
      0.79 0.00380775          1 0.00758661
       0.8 0.00380775          1 0.00758661
      0.81 0.00177695          1  0.0035476
      0.82          0          0          0
      0.83          0          0          0
      0.84          0          0          0
      0.85          0          0          0
      0.86          0          0          0
      0.87          0          0          0
      0.88          0          0          0
      0.89          0          0          0
       0.9          0          0          0
      0.91          0          0          0
      0.92          0          0          0
      0.93          0          0          0
      0.94          0          0          0
      0.95          0          0          0
      0.96          0          0          0
      0.97          0          0          0
      0.98          0          0          0
      0.99          0          0          0
