         0          1   0.253826   0.404882
      0.01    0.93237   0.327067   0.484261
      0.02    0.93237   0.327067   0.484261
      0.03    0.93237    0.32723   0.484439
      0.04    0.93237   0.327468   0.484699
      0.05    0.93237   0.327799   0.485062
      0.06   0.932097   0.328744   0.486058
      0.07   0.931987    0.32975   0.487143
      0.08   0.931221   0.332451   0.489977
      0.09   0.929908   0.334549   0.492068
       0.1   0.925148   0.337025   0.494065
      0.11   0.919019   0.340962    0.49739
      0.12   0.910374   0.344179   0.499511
      0.13   0.888105   0.347407   0.499443
      0.14   0.871307   0.349358   0.498741
      0.15   0.848545   0.352703   0.498289
      0.16   0.833388   0.356316   0.499199
      0.17   0.812705    0.36149   0.500402
      0.18    0.78852   0.365616   0.499587
      0.19   0.761655   0.374786   0.502371
       0.2   0.737908   0.380418   0.502024
      0.21   0.688936   0.385432   0.494315
      0.22   0.647297   0.391189   0.487663
      0.23   0.608175   0.394266   0.478398
      0.24   0.554607   0.401301    0.46566
      0.25   0.520683   0.405029   0.455632
      0.26   0.475487    0.41716   0.444418
      0.27   0.454914   0.427566   0.440816
      0.28    0.42285     0.4392    0.43087
      0.29   0.408733   0.445976   0.426543
       0.3   0.378475   0.452617   0.412238
      0.31   0.354618   0.461734   0.401149
      0.32   0.343292   0.467594   0.395916
      0.33   0.322773   0.473003   0.383707
      0.34   0.313635   0.474344   0.377601
      0.35   0.289177   0.468992   0.357761
      0.36   0.279766   0.469753    0.35068
      0.37   0.260615   0.469018   0.335054
      0.38   0.243653   0.469892   0.320906
      0.39   0.230193   0.472335   0.309534
       0.4   0.225651   0.476044   0.306173
      0.41   0.216732   0.474667   0.297587
      0.42   0.204914   0.479182   0.287068
      0.43   0.200044    0.49098   0.284267
      0.44   0.193533   0.511304   0.280786
      0.45   0.188991   0.521375   0.277421
      0.46   0.175202    0.53481   0.263939
      0.47   0.166667   0.555426   0.256396
      0.48   0.157255   0.579017   0.247337
      0.49   0.144233    0.59621   0.232275
       0.5   0.129514      0.625   0.214565
      0.51   0.122127   0.657744   0.206005
      0.52   0.118024   0.679325   0.201108
      0.53   0.109269   0.698734   0.188984
      0.54   0.100405   0.721264   0.176272
      0.55  0.0913767   0.744828   0.162783
      0.56  0.0844824   0.753846   0.151937
      0.57  0.0714051   0.761682    0.13057
      0.58  0.0614467   0.768817   0.113798
      0.59  0.0497374   0.821918  0.0937986
       0.6  0.0448676   0.827869  0.0851219
      0.61  0.0326658   0.908046   0.063063
      0.62  0.0250055   0.925373  0.0486951
      0.63  0.0204093   0.925926  0.0399382
      0.64  0.0182753   0.906977  0.0358287
      0.65  0.0172904    0.90625  0.0339335
      0.66 0.00678485   0.888889  0.0134669
      0.67 0.00388488       0.75 0.00772971
      0.68          0          0          0
      0.69          0          0          0
       0.7          0          0          0
      0.71          0          0          0
      0.72          0          0          0
      0.73          0          0          0
      0.74          0          0          0
      0.75          0          0          0
      0.76          0          0          0
      0.77          0          0          0
      0.78          0          0          0
      0.79          0          0          0
       0.8          0          0          0
      0.81          0          0          0
      0.82          0          0          0
      0.83          0          0          0
      0.84          0          0          0
      0.85          0          0          0
      0.86          0          0          0
      0.87          0          0          0
      0.88          0          0          0
      0.89          0          0          0
       0.9          0          0          0
      0.91          0          0          0
      0.92          0          0          0
      0.93          0          0          0
      0.94          0          0          0
      0.95          0          0          0
      0.96          0          0          0
      0.97          0          0          0
      0.98          0          0          0
      0.99          0          0          0
