         0          1   0.418411   0.589971
      0.01   0.978448   0.544077   0.699301
      0.02   0.978448   0.544077   0.699301
      0.03   0.978448   0.544077   0.699301
      0.04   0.978448   0.544109   0.699327
      0.05   0.978448   0.544407   0.699573
      0.06   0.978448   0.544469   0.699624
      0.07   0.978448   0.544454   0.699611
      0.08   0.978448   0.544911   0.699989
      0.09   0.978448   0.546179   0.701034
       0.1   0.978385   0.548454   0.702889
      0.11   0.978321   0.551763   0.705584
      0.12     0.9781   0.554633   0.707868
      0.13   0.977688   0.559179   0.711451
      0.14    0.97715   0.562849    0.71427
      0.15   0.976518   0.570868   0.720522
      0.16   0.975157   0.577957   0.725766
      0.17   0.972213   0.591732    0.73569
      0.18   0.969017   0.602172   0.742769
      0.19   0.964238   0.621345   0.755715
       0.2   0.958067   0.631554   0.761277
      0.21   0.952022   0.650386   0.772814
      0.22   0.940503    0.66563   0.779546
      0.23   0.935945   0.674024   0.783679
      0.24   0.922305   0.681583   0.783879
      0.25   0.913697   0.687562   0.784661
      0.26   0.895753   0.695432   0.782983
      0.27   0.882208   0.698948   0.779958
      0.28   0.858124   0.701654   0.772041
      0.29   0.844959   0.701244   0.766422
       0.3   0.817868    0.70324   0.756235
      0.31   0.792297   0.709741    0.74875
      0.32   0.769068   0.712068   0.739471
      0.33    0.74587   0.716308    0.73079
      0.34   0.728179   0.718196   0.723153
      0.35   0.707861   0.722662   0.715185
      0.36   0.689284   0.726535   0.707419
      0.37   0.669663    0.73341   0.700088
      0.38    0.66001   0.738133   0.696889
      0.39   0.640515    0.74338   0.688125
       0.4   0.628679   0.747657   0.683025
      0.41   0.608899   0.751412    0.67269
      0.42   0.594753   0.760646   0.667547
      0.43   0.581682   0.765116   0.660907
      0.44   0.568264   0.778013   0.656799
      0.45   0.562156   0.787341   0.655961
      0.46    0.54899   0.792666     0.6487
      0.47   0.540224   0.796897   0.643925
      0.48   0.525413   0.811448    0.63783
      0.49   0.515128    0.81871   0.632371
       0.5   0.503734   0.823885   0.625208
      0.51   0.488987   0.841848   0.618638
      0.52   0.481265    0.84871   0.614228
      0.53   0.472593   0.856623   0.609132
      0.54   0.466105   0.865588   0.605928
      0.55   0.454333   0.878855   0.599004
      0.56   0.444427   0.887836   0.592343
      0.57   0.428413   0.900381   0.580579
      0.58   0.418096   0.910325   0.573016
      0.59   0.403032   0.929359   0.562239
       0.6    0.39531   0.938061   0.556222
      0.61   0.377144   0.949192   0.539806
      0.62   0.351921   0.954908   0.514302
      0.63   0.341382   0.954448   0.502893
      0.64   0.324767   0.954596    0.48465
      0.65   0.316412   0.954041   0.475217
      0.66    0.29812   0.953554   0.454229
      0.67    0.28929   0.952795   0.443825
      0.68   0.274922   0.954028   0.426842
      0.69    0.26546   0.959817   0.415894
       0.7   0.251725   0.969606   0.399685
      0.71    0.23454   0.975329   0.378146
      0.72   0.222767   0.979033    0.36295
      0.73   0.198399   0.982341   0.330124
      0.74   0.183524   0.981988   0.309252
      0.75   0.161276   0.982353   0.277065
      0.76   0.141465   0.981973   0.247303
      0.77   0.118773   0.981971   0.211915
      0.78  0.0911767   0.978998   0.166817
      0.79  0.0725679   0.979123   0.135121
       0.8  0.0647826     0.9775   0.121512
      0.81  0.0408254   0.965957  0.0783398
      0.82  0.0333565   0.953488  0.0644581
      0.83  0.0310779   0.945946  0.0601787
      0.84  0.0257295   0.957627  0.0501125
      0.85  0.0230711   0.971154  0.0450714
      0.86  0.0224065   0.977778   0.043809
      0.87  0.0203494   0.985294  0.0398752
      0.88  0.0118045   0.974359  0.0233265
      0.89   0.010507    0.96875  0.0207885
       0.9 0.00781695          1  0.0155126
      0.91 0.00553833          1  0.0110156
      0.92          0          0          0
      0.93          0          0          0
      0.94          0          0          0
      0.95          0          0          0
      0.96          0          0          0
      0.97          0          0          0
      0.98          0          0          0
      0.99          0          0          0
