         0          1   0.223412   0.365227
      0.01   0.960881     0.3081   0.466591
      0.02   0.960881     0.3081   0.466591
      0.03   0.960881   0.308127   0.466622
      0.04   0.960881   0.308168   0.466669
      0.05   0.960881   0.308236   0.466747
      0.06   0.960881   0.308516   0.467068
      0.07   0.960881   0.308897   0.467504
      0.08   0.960881   0.309965   0.468726
      0.09   0.960811   0.310943   0.469836
       0.1    0.96067   0.312763   0.471893
      0.11   0.959263   0.313798   0.472899
      0.12   0.958629   0.314325    0.47342
      0.13   0.956448   0.315787   0.474808
      0.14    0.95293   0.315618   0.474183
      0.15   0.933723   0.312393   0.468156
      0.16   0.922325   0.308755   0.462638
      0.17   0.886442   0.301499   0.449957
      0.18   0.856047   0.296884    0.44087
      0.19   0.814255   0.290846   0.428599
       0.2   0.784001   0.286187   0.419311
      0.21   0.732921    0.27628    0.40129
      0.22   0.674594   0.267401   0.382989
      0.23     0.6404   0.261388   0.371246
      0.24   0.584606   0.253507   0.353655
      0.25   0.552733   0.247041   0.341465
      0.26   0.488285   0.233853   0.316247
      0.27   0.449377   0.225863   0.300627
      0.28   0.397946   0.214608    0.27884
      0.29   0.364877   0.205524   0.262941
       0.3   0.317104   0.194956   0.241462
      0.31     0.2535   0.181715   0.211687
      0.32   0.220784   0.174066   0.194661
      0.33   0.186942   0.159302   0.172019
      0.34   0.165131   0.147473   0.155803
      0.35   0.128544   0.130917    0.12972
      0.36   0.103919   0.124143   0.113134
      0.37  0.0787307   0.109116  0.0914659
      0.38  0.0639555        0.1  0.0780157
      0.39  0.0517836  0.0940786   0.066799
       0.4  0.0459439  0.0925926  0.0614143
      0.41  0.0389784  0.0866402  0.0537675
      0.42  0.0303947  0.0820896  0.0443633
      0.43  0.0213889  0.0807504  0.0338197
      0.44  0.0190671   0.077634   0.030615
      0.45  0.0184338  0.0791296  0.0299018
      0.46  0.0181524  0.0790646  0.0295259
      0.47  0.0175192  0.0763636     0.0285
      0.48  0.0163231  0.0733696  0.0267049
      0.49  0.0152677  0.0738552  0.0253044
       0.5  0.0137198  0.0646259  0.0226345
      0.51  0.0107648  0.0503018  0.0177344
      0.52  0.0104834  0.0513393  0.0174114
      0.53 0.00795047  0.0285714  0.0124395
      0.54  0.0068951  0.0233236  0.0106436
      0.55 0.000422149 0.00699301 0.000796231
      0.56 0.000422149 0.00772201 0.000800534
      0.57 0.000281432  0.0044843 0.000529626
      0.58 0.000281432 0.00490196 0.000532304
      0.59 0.000281432 0.00571429 0.000536445
       0.6 0.000281432 0.00609756 0.000538032
      0.61 0.000281432 0.00666667 0.000540066
      0.62          0          0          0
      0.63          0          0          0
      0.64          0          0          0
      0.65          0          0          0
      0.66          0          0          0
      0.67          0          0          0
      0.68          0          0          0
      0.69          0          0          0
       0.7          0          0          0
      0.71          0          0          0
      0.72          0          0          0
      0.73          0          0          0
      0.74          0          0          0
      0.75          0          0          0
      0.76          0          0          0
      0.77          0          0          0
      0.78          0          0          0
      0.79          0          0          0
       0.8          0          0          0
      0.81          0          0          0
      0.82          0          0          0
      0.83          0          0          0
      0.84          0          0          0
      0.85          0          0          0
      0.86          0          0          0
      0.87          0          0          0
      0.88          0          0          0
      0.89          0          0          0
       0.9          0          0          0
      0.91          0          0          0
      0.92          0          0          0
      0.93          0          0          0
      0.94          0          0          0
      0.95          0          0          0
      0.96          0          0          0
      0.97          0          0          0
      0.98          0          0          0
      0.99          0          0          0
