         0          1   0.176689   0.300316
      0.01   0.890606   0.165553   0.279205
      0.02   0.890606   0.165575   0.279236
      0.03   0.890606   0.165693   0.279404
      0.04   0.890606   0.166219   0.280152
      0.05   0.890606   0.166749   0.280904
      0.06   0.890606   0.168302   0.283104
      0.07   0.890606   0.169912   0.285378
      0.08   0.890606   0.172794   0.289432
      0.09   0.890359   0.174883   0.292344
       0.1   0.890359   0.179268   0.298445
      0.11   0.889209    0.18447   0.305551
      0.12   0.888469   0.188411   0.310893
      0.13   0.886825   0.194731   0.319341
      0.14   0.885099   0.199161   0.325156
      0.15   0.872935   0.204576    0.33147
      0.16   0.863812   0.207473   0.334584
      0.17   0.844744   0.213688   0.341093
      0.18   0.823293   0.217329   0.343881
      0.19     0.8108   0.226804   0.354457
       0.2   0.800115   0.232458   0.360251
      0.21   0.788855   0.242023   0.370405
      0.22   0.767157   0.252096   0.379488
      0.23   0.739788   0.256639   0.381079
      0.24   0.707734   0.265614   0.386263
      0.25   0.688584   0.269433   0.387315
      0.26   0.644695   0.274521   0.385072
      0.27   0.622093   0.276844   0.383169
      0.28   0.577875   0.284968   0.381705
      0.29   0.561354   0.291725   0.383929
       0.3   0.537191   0.302534   0.387075
      0.31   0.503082   0.309306   0.383084
      0.32   0.486644   0.315603    0.38289
      0.33   0.451796   0.321769   0.375854
      0.34   0.435522   0.321586   0.369981
      0.35   0.413331   0.321957   0.361966
      0.36   0.395825   0.320551   0.354233
      0.37   0.371497   0.312399   0.339394
      0.38   0.357524   0.312863   0.333706
      0.39    0.33558   0.310332   0.322463
       0.4   0.323005   0.304907   0.313695
      0.41   0.303855   0.301806   0.302827
      0.42   0.269664    0.30066    0.28432
      0.43    0.25824   0.300252   0.277666
      0.44   0.238925   0.293208   0.263298
      0.45   0.221254   0.288405   0.250406
      0.46    0.19931   0.274422   0.230911
      0.47   0.181803   0.263231   0.215068
      0.48   0.138982   0.230769   0.173483
      0.49   0.121476   0.217728   0.155946
       0.5  0.0931207   0.201149   0.127306
      0.51  0.0757787   0.195279   0.109187
      0.52  0.0650119   0.193548  0.0973309
      0.53  0.0632037   0.202484  0.0963368
      0.54  0.0613956   0.210738  0.0950885
      0.55   0.056382   0.206845  0.0886105
      0.56  0.0529301   0.200318  0.0837348
      0.57  0.0486562   0.202847  0.0784862
      0.58  0.0445467   0.198473  0.0727622
      0.59  0.0406838   0.190275  0.0670346
       0.6  0.0396975   0.194064  0.0659122
      0.61  0.0374784   0.196286  0.0629394
      0.62  0.0303279   0.160883  0.0510353
      0.63  0.0240815   0.134276  0.0408389
      0.64  0.0179173   0.102326  0.0304949
      0.65  0.0151229  0.0824742  0.0255591
      0.66  0.0105203  0.0526316  0.0175354
      0.67 0.00698611  0.0336134   0.011568
      0.68 0.00336977  0.0116279 0.00522526
      0.69          0          0          0
       0.7          0          0          0
      0.71          0          0          0
      0.72          0          0          0
      0.73          0          0          0
      0.74          0          0          0
      0.75          0          0          0
      0.76          0          0          0
      0.77          0          0          0
      0.78          0          0          0
      0.79          0          0          0
       0.8          0          0          0
      0.81          0          0          0
      0.82          0          0          0
      0.83          0          0          0
      0.84          0          0          0
      0.85          0          0          0
      0.86          0          0          0
      0.87          0          0          0
      0.88          0          0          0
      0.89          0          0          0
       0.9          0          0          0
      0.91          0          0          0
      0.92          0          0          0
      0.93          0          0          0
      0.94          0          0          0
      0.95          0          0          0
      0.96          0          0          0
      0.97          0          0          0
      0.98          0          0          0
      0.99          0          0          0
