         0          1   0.263807   0.417479
      0.01   0.972162   0.455488   0.620331
      0.02   0.972162   0.455881   0.620696
      0.03   0.972162   0.456549   0.621315
      0.04   0.972162   0.459076    0.62365
      0.05   0.972162   0.461896   0.626248
      0.06   0.972125   0.468786   0.632543
      0.07   0.972087   0.474618   0.637821
      0.08   0.971218   0.484696   0.646667
      0.09   0.970916   0.493389   0.654289
       0.1   0.967214   0.507141   0.665394
      0.11   0.959471   0.523848   0.677692
      0.12   0.955732   0.535212   0.686169
      0.13   0.952635    0.55075   0.697976
      0.14   0.951313    0.55825   0.703608
      0.15   0.945534   0.571362   0.712299
      0.16   0.938244   0.579548   0.716511
      0.17   0.926799   0.589686   0.720773
      0.18   0.921889   0.597775   0.725268
      0.19   0.912068   0.618461   0.737103
       0.2   0.904816   0.630274   0.742995
      0.21    0.89084   0.643687    0.74736
      0.22   0.864514   0.653209   0.744152
      0.23   0.831879   0.663516    0.73822
      0.24    0.80491   0.673879   0.733589
      0.25   0.782323     0.6833   0.729466
      0.26   0.736053   0.700658   0.717919
      0.27   0.707233   0.709615   0.708422
      0.28   0.662663   0.721063    0.69063
      0.29   0.637734   0.728934   0.680291
       0.3   0.601889   0.738784   0.663347
      0.31   0.568499   0.747619    0.64587
      0.32     0.5478   0.751753   0.633772
      0.33    0.51305   0.758653   0.612135
      0.34   0.485175   0.759802   0.592199
      0.35   0.436374   0.762044   0.554958
      0.36   0.413447   0.767712   0.537452
      0.37   0.380434   0.768813   0.508999
      0.38   0.354863   0.770094   0.485846
      0.39   0.310859   0.769192   0.442776
       0.4   0.276865   0.764989    0.40658
      0.41   0.244646   0.761655   0.370338
      0.42   0.214391   0.761755   0.334609
      0.43   0.203702   0.758778   0.321179
      0.44   0.186062   0.756014   0.298629
      0.45   0.175486   0.753551   0.284677
      0.46   0.170954   0.761049   0.279193
      0.47   0.164155   0.762791   0.270169
      0.48   0.159056   0.766447   0.263441
      0.49   0.151879   0.767642   0.253586
       0.5   0.142134    0.77726   0.240322
      0.51   0.138546   0.791792   0.235827
      0.52   0.137602   0.813025   0.235368
      0.53   0.133371   0.833333   0.229941
      0.54    0.13118   0.843387   0.227046
      0.55   0.123399   0.865839   0.216013
      0.56   0.120415   0.875321   0.211707
      0.57   0.115996   0.895978   0.205401
      0.58   0.113428    0.90566   0.201606
      0.59   0.103343   0.917702   0.185766
       0.6    0.10221   0.923445   0.184048
      0.61   0.101265   0.936027   0.182759
      0.62  0.0977904   0.946296   0.177262
      0.63    0.09322   0.946695   0.169727
      0.64  0.0866856   0.982673   0.159317
      0.65  0.0821152   0.994624   0.151706
      0.66  0.0773182   0.996997   0.143507
      0.67   0.072899   0.996667   0.135861
      0.68  0.0650047          1   0.122074
      0.69  0.0615675          1   0.115994
       0.7  0.0565439          1   0.107036
      0.71  0.0468744          1  0.0895512
      0.72  0.0394334          1  0.0758749
      0.73  0.0291596          1  0.0566668
      0.74  0.0198678          1  0.0389615
      0.75  0.0157507          1  0.0310129
      0.76  0.0152597          1  0.0300606
      0.77  0.0149197          1  0.0294008
      0.78   0.014051          1  0.0277126
      0.79  0.0129934          1  0.0256535
       0.8  0.0117469          1  0.0232211
      0.81 0.00970727          1  0.0192279
      0.82 0.00857413          1  0.0170025
      0.83 0.00404155          1 0.00805056
      0.84          0          0          0
      0.85          0          0          0
      0.86          0          0          0
      0.87          0          0          0
      0.88          0          0          0
      0.89          0          0          0
       0.9          0          0          0
      0.91          0          0          0
      0.92          0          0          0
      0.93          0          0          0
      0.94          0          0          0
      0.95          0          0          0
      0.96          0          0          0
      0.97          0          0          0
      0.98          0          0          0
      0.99          0          0          0
