         0          1   0.181029   0.306561
      0.01   0.791254   0.195949    0.31411
      0.02   0.791254   0.195949    0.31411
      0.03   0.791254   0.196031   0.314216
      0.04   0.791254   0.196341   0.314614
      0.05   0.791254   0.196408     0.3147
      0.06   0.790823   0.196915   0.315317
      0.07   0.789746    0.19717   0.315557
      0.08   0.787807    0.19891   0.317625
      0.09   0.786945   0.200674   0.319798
       0.1   0.785437    0.20318   0.322846
      0.11   0.781667   0.205592   0.325557
      0.12   0.777574   0.207586   0.327689
      0.13   0.775636   0.212281   0.333334
      0.14   0.773481   0.215928   0.337608
      0.15   0.769604   0.221679    0.34421
      0.16   0.767126   0.225999   0.349139
      0.17    0.76034   0.231642     0.3551
      0.18   0.752585   0.235902   0.359208
      0.19    0.74009   0.242796    0.36564
       0.2   0.735459   0.247238   0.370071
      0.21    0.71187   0.253552   0.373921
      0.22   0.692051   0.259201   0.377146
      0.23   0.672232   0.263654   0.378757
      0.24    0.65252   0.271508   0.383461
      0.25   0.646058   0.277283   0.388028
      0.26   0.634533   0.283474   0.391879
      0.27   0.629147   0.288221   0.395334
      0.28   0.611374   0.293099   0.396238
      0.29   0.596941   0.296669   0.396356
       0.3   0.576799   0.302216   0.396621
      0.31   0.559888   0.310457    0.39943
      0.32   0.555903   0.317406   0.404088
      0.33   0.537699   0.324698   0.404895
      0.34   0.524666   0.331059   0.405961
      0.35    0.50754   0.341545   0.408316
      0.36   0.497415    0.34763   0.409248
      0.37    0.48212   0.354449   0.408542
      0.38   0.473072   0.359043   0.408245
      0.39    0.46047   0.368089   0.409129
       0.4   0.452391      0.375   0.410076
      0.41   0.437635   0.385171    0.40973
      0.42   0.424817   0.392169    0.40784
      0.43   0.422447   0.399622   0.410718
      0.44   0.407475   0.411825   0.409639
      0.45   0.396489   0.420612   0.408194
      0.46   0.385717   0.437247   0.409869
      0.47   0.380763   0.446108   0.410853
      0.48   0.373761   0.457169   0.411279
      0.49   0.361698   0.469327   0.408542
       0.5   0.341555   0.487996    0.40185
      0.51   0.326368   0.499692   0.394847
      0.52   0.316566   0.510164   0.390697
      0.53   0.299548   0.523282   0.380997
      0.54   0.290069     0.5304   0.375036
      0.55   0.272404   0.531703   0.360246
      0.56   0.257217   0.534449   0.347291
      0.57   0.233951   0.532131   0.325011
      0.58    0.21704    0.53602   0.308973
      0.59   0.199806   0.531856   0.290484
       0.6    0.18408   0.541857   0.274804
      0.61   0.170724   0.545299   0.260035
      0.62   0.161999   0.600815   0.255191
      0.63   0.155106   0.612975   0.247567
      0.64   0.130116   0.626703   0.215492
      0.65   0.123761   0.638889   0.207355
      0.66   0.109436   0.651852   0.187408
      0.67   0.100388   0.654321   0.174069
      0.68  0.0847695       0.68   0.150747
      0.69  0.0790607   0.732143   0.142711
       0.7  0.0681818    0.75188   0.125026
      0.71  0.0529944   0.747475  0.0989719
      0.72  0.0427617   0.721519  0.0807384
      0.73   0.028436   0.754717   0.054807
      0.74  0.0250969   0.755556  0.0485802
      0.75  0.0212193   0.756757  0.0412811
      0.76  0.0190651   0.833333  0.0372773
      0.77   0.013464   0.823529  0.0264949
      0.78  0.0088324       0.75  0.0174592
      0.79 0.00161568   0.666667 0.00322355
       0.8 0.00161568   0.666667 0.00322355
      0.81 0.00161568        0.5 0.00322096
      0.82          0          0          0
      0.83          0          0          0
      0.84          0          0          0
      0.85          0          0          0
      0.86          0          0          0
      0.87          0          0          0
      0.88          0          0          0
      0.89          0          0          0
       0.9          0          0          0
      0.91          0          0          0
      0.92          0          0          0
      0.93          0          0          0
      0.94          0          0          0
      0.95          0          0          0
      0.96          0          0          0
      0.97          0          0          0
      0.98          0          0          0
      0.99          0          0          0
