         0          1    0.32957   0.495755
      0.01   0.946175   0.435521   0.596483
      0.02   0.946175   0.435542   0.596503
      0.03   0.946175   0.435649   0.596603
      0.04   0.946175   0.436206   0.597125
      0.05   0.946175   0.437044    0.59791
      0.06   0.945494   0.439563   0.600125
      0.07   0.944728   0.442349   0.602562
      0.08   0.944728   0.448754   0.608476
      0.09   0.944005     0.4543   0.613401
       0.1   0.942133   0.464678   0.622385
      0.11   0.940601   0.474831   0.631081
      0.12   0.938303   0.483493   0.638155
      0.13   0.934048   0.497713   0.649393
      0.14   0.929921   0.508921    0.65783
      0.15   0.925581    0.53013   0.674142
      0.16    0.91856    0.54315   0.682647
      0.17   0.902647   0.567018   0.696509
      0.18   0.895498   0.582852   0.706115
      0.19   0.887839    0.60986   0.723053
       0.2   0.884308    0.62565   0.732825
      0.21   0.874692   0.644778    0.74234
      0.22   0.860182    0.66206   0.748228
      0.23   0.854736   0.673574   0.753417
      0.24   0.845928   0.690656   0.760447
      0.25   0.838737   0.698627   0.762298
      0.26   0.825845   0.708415   0.762636
      0.27   0.814654    0.71295   0.760416
      0.28   0.798698   0.717604   0.755982
      0.29   0.784954   0.720709   0.751461
       0.3   0.748319   0.728493   0.738273
      0.31   0.722917    0.73433   0.728579
      0.32   0.706323    0.73656   0.721125
      0.33   0.686154   0.742325   0.713135
      0.34   0.672368    0.74493   0.706792
      0.35   0.648838    0.74827   0.695016
      0.36   0.630627   0.753031   0.686415
      0.37    0.60046   0.757767   0.670004
      0.38   0.589397   0.762693   0.664939
      0.39   0.570802   0.770515   0.655791
       0.4   0.553059   0.773609   0.645002
      0.41    0.52387   0.782385   0.627547
      0.42   0.496128   0.793717   0.610593
      0.43   0.470981   0.798125   0.592388
      0.44   0.437537   0.809816   0.568122
      0.45    0.42022   0.815229   0.554576
      0.46   0.384903   0.831014   0.526121
      0.47   0.368522   0.838123   0.511943
      0.48   0.340014   0.851628   0.485994
      0.49   0.321505    0.85575   0.467405
       0.5   0.300485   0.862745   0.445728
      0.51   0.273168   0.874342    0.41628
      0.52   0.261425   0.879459   0.403042
      0.53   0.242618    0.88942    0.38124
      0.54   0.222024   0.894161    0.35572
      0.55   0.209003   0.905751   0.339636
      0.56   0.201813   0.914966   0.330686
      0.57   0.187303   0.919295     0.3112
      0.58   0.173815   0.929142   0.292847
      0.59   0.156753   0.940463   0.268717
       0.6   0.149817   0.954708   0.258992
      0.61   0.140584   0.966146   0.245452
      0.62   0.130329   0.984173   0.230177
      0.63   0.125649    0.98941   0.222981
      0.64   0.117777   0.995033   0.210624
      0.65    0.11182    0.99823   0.201112
      0.66  0.0994809   0.997951   0.180926
      0.67  0.0957365   0.997817    0.17471
      0.68  0.0864182          1   0.159088
      0.69   0.081525          1   0.150759
       0.7  0.0731853          1   0.136389
      0.71  0.0645477          1   0.121268
      0.72  0.0551868          1   0.104601
      0.73  0.0416135          1   0.079902
      0.74  0.0342099          1  0.0661565
      0.75  0.0275721          1  0.0536646
      0.76  0.0197856          1  0.0388034
      0.77  0.0148498          1   0.029265
      0.78  0.0131904          1  0.0260373
      0.79   0.010297          1  0.0203841
       0.8 0.00765892          1  0.0152014
      0.81 0.00561654          1  0.0111703
      0.82  0.0053187          1  0.0105811
      0.83 0.00459535          1 0.00914867
      0.84 0.00272317          1 0.00543155
      0.85          0          0          0
      0.86          0          0          0
      0.87          0          0          0
      0.88          0          0          0
      0.89          0          0          0
       0.9          0          0          0
      0.91          0          0          0
      0.92          0          0          0
      0.93          0          0          0
      0.94          0          0          0
      0.95          0          0          0
      0.96          0          0          0
      0.97          0          0          0
      0.98          0          0          0
      0.99          0          0          0
