         0          1   0.382258   0.553092
      0.01   0.892838   0.537497   0.671028
      0.02   0.892838   0.537531   0.671055
      0.03   0.892766   0.537502   0.671012
      0.04   0.891943   0.536924   0.670329
      0.05   0.890154   0.536305   0.669341
      0.06   0.887899   0.535646    0.66819
      0.07   0.885966   0.535107   0.667223
      0.08   0.880991   0.534293   0.665177
      0.09    0.87938   0.533768   0.664311
       0.1   0.869752    0.53203   0.660209
      0.11   0.858298   0.531356   0.656367
      0.12   0.852214    0.53107   0.654363
      0.13   0.832707    0.52903   0.647007
      0.14   0.826085   0.528709   0.644761
      0.15    0.81456    0.52893   0.641382
      0.16   0.809156    0.52927   0.639949
      0.17   0.797595   0.528154   0.635494
      0.18   0.792655   0.527875    0.63372
      0.19   0.775905   0.525714   0.626764
       0.2   0.769319   0.526056   0.624846
      0.21   0.758187   0.525939   0.621061
      0.22   0.746448    0.52748   0.618146
      0.23   0.737965   0.528661    0.61602
      0.24   0.729947   0.532304   0.615652
      0.25   0.723755   0.533447   0.614198
      0.26   0.711837   0.538905   0.613416
      0.27   0.705788   0.542899   0.613719
      0.28   0.698772   0.545026   0.612397
      0.29   0.692437   0.546525   0.610889
       0.3   0.684563   0.549394   0.609575
      0.31   0.673718   0.553922   0.607975
      0.32   0.664054   0.556738   0.605679
      0.33   0.651777   0.561143   0.603074
      0.34   0.641111   0.564509   0.600376
      0.35   0.630266   0.567995   0.597512
      0.36     0.6196   0.569753   0.593632
      0.37   0.598232   0.572217   0.584935
      0.38   0.583342   0.574077   0.578672
      0.39   0.566878   0.578053   0.572411
       0.4   0.551952   0.578883   0.565097
      0.41   0.530155   0.581777   0.554768
      0.42   0.511686   0.584138   0.545517
      0.43   0.495401   0.584071   0.536094
      0.44   0.473997   0.586559   0.524305
      0.45   0.462579   0.589469   0.518372
      0.46   0.438742   0.590196   0.503322
      0.47   0.426286   0.589402   0.494746
      0.48    0.40635   0.587639   0.480462
      0.49   0.393965   0.588937   0.472114
       0.5   0.365904   0.594811   0.453087
      0.51   0.348223   0.604204   0.441814
      0.52   0.333011    0.61039   0.430923
      0.53   0.319768   0.628076    0.42378
      0.54   0.309531   0.634629   0.416111
      0.55   0.295215   0.643604   0.404767
      0.56   0.282007   0.653097    0.39392
      0.57   0.259923   0.658513   0.372727
      0.58   0.245929   0.659762     0.3583
      0.59   0.223057   0.669143   0.334582
       0.6    0.20985   0.670878   0.319699
      0.61   0.194853   0.674707    0.30238
      0.62    0.18544   0.680028   0.291413
      0.63   0.180357   0.686944   0.285703
      0.64   0.168725   0.694915   0.271524
      0.65   0.159025   0.699914   0.259166
      0.66   0.145388    0.71577   0.241685
      0.67   0.139339   0.728088   0.233913
      0.68   0.127492    0.73927   0.217478
      0.69   0.124808   0.750279   0.214014
       0.7   0.117649   0.762246   0.203837
      0.71   0.109417   0.783748   0.192026
      0.72    0.10437    0.79805   0.184598
      0.73  0.0987509   0.820711    0.17629
      0.74  0.0965675   0.851419   0.173461
      0.75  0.0911629   0.874307    0.16511
      0.76  0.0870468   0.892713   0.158626
      0.77  0.0769534   0.892694   0.141692
      0.78  0.0710834   0.887781   0.131628
      0.79  0.0626007   0.892562   0.116996
       0.8  0.0586277   0.890208    0.11001
      0.81  0.0545116   0.909968   0.102861
      0.82  0.0505029   0.914894  0.0957218
      0.83  0.0487133   0.913858   0.092496
      0.84  0.0418412   0.906383  0.0799898
      0.85  0.0381546   0.899083  0.0732026
      0.86  0.0357565   0.909091  0.0688066
      0.87  0.0320699   0.902857  0.0619396
      0.88  0.0210101   0.849057  0.0410054
      0.89 0.00891227    0.80303  0.0176289
       0.9 0.00579835   0.763636  0.0115093
      0.91 0.00357923   0.755102 0.00712468
      0.92 0.00125273   0.692308 0.00250093
      0.93 0.00121694   0.702703 0.00242967
      0.94 0.00121694   0.722222 0.00242978
      0.95 0.00121694   0.787879 0.00243012
      0.96 0.00118114    0.78125 0.00235872
      0.97 0.00107377   0.777778 0.00214457
      0.98 0.00103798   0.769231 0.00207315
      0.99 0.000930599       0.76 0.00185892
