         0          1   0.173626   0.295879
      0.01   0.924719   0.536017   0.678651
      0.02   0.924719   0.536109   0.678725
      0.03   0.924525   0.536835   0.679254
      0.04   0.924525   0.539591   0.681456
      0.05   0.924525   0.541887   0.683284
      0.06   0.923943   0.545714   0.686158
      0.07   0.922487   0.551599   0.690384
      0.08   0.918316   0.559515   0.695359
      0.09   0.913853    0.56632   0.699287
       0.1   0.899593   0.577778   0.703635
      0.11   0.881839    0.58627   0.704301
      0.12   0.872914   0.598656   0.710228
      0.13   0.851863   0.617464   0.715967
      0.14   0.832945   0.629738   0.717226
      0.15   0.805588   0.642857   0.715081
      0.16   0.789678   0.654291   0.715637
      0.17   0.775029   0.665668   0.716198
      0.18      0.763   0.666537   0.711514
      0.19   0.754948   0.673038   0.711644
       0.2   0.747575   0.680369    0.71239
      0.21   0.743209     0.6875    0.71427
      0.22   0.737485   0.692685   0.714384
      0.23   0.733702   0.696874   0.714814
      0.24   0.731471   0.705828   0.718421
      0.25   0.727784   0.710465    0.71902
      0.26   0.725359   0.713735     0.7195
      0.27   0.723807   0.719255   0.721524
      0.28   0.719344   0.725677   0.722497
      0.29   0.717598   0.730887   0.724181
       0.3   0.714882   0.738903   0.726694
      0.31   0.707994   0.744624   0.725847
      0.32   0.705957   0.746863   0.725834
      0.33   0.700427       0.75   0.724366
      0.34   0.695479    0.75576   0.724368
      0.35   0.688494   0.759358   0.722192
      0.36   0.682383   0.765996   0.721776
      0.37   0.668801   0.765771   0.714009
      0.38   0.660846   0.770554   0.711496
      0.39   0.650078   0.769384   0.704717
       0.4   0.643384   0.769336   0.700745
      0.41   0.622526   0.775925   0.690812
      0.42   0.603512   0.776923   0.679325
      0.43   0.587214   0.775061   0.668186
      0.44   0.556655   0.774956   0.647912
      0.45   0.536185   0.774016   0.633515
      0.46   0.499612   0.790099   0.612142
      0.47   0.486515   0.789528   0.602044
      0.48   0.465949   0.796009   0.587816
      0.49   0.459643   0.818182   0.588612
       0.5   0.441017   0.830986   0.576223
      0.51   0.418413   0.828255   0.555966
      0.52   0.394548   0.834074   0.535693
      0.53   0.354579   0.840131   0.498686
      0.54   0.333915    0.84375   0.478474
      0.55   0.312282    0.84749   0.456393
      0.56   0.287059    0.84265   0.428234
      0.57    0.24544     0.8379   0.379667
      0.58   0.233993   0.834928   0.365541
      0.59   0.218956   0.827225   0.346261
       0.6   0.196837   0.824859    0.31783
      0.61   0.164629   0.811075   0.273703
      0.62   0.115638   0.797297   0.201982
      0.63  0.0944897   0.778325   0.168521
      0.64  0.0777066   0.722973    0.14033
      0.65  0.0500582   0.638095  0.0928337
      0.66  0.0315289   0.567568  0.0597392
      0.67  0.0276484   0.586207  0.0528063
      0.68  0.0179472        0.6   0.034852
      0.69 0.00494761  0.0909091 0.00938449
       0.7          0          0          0
      0.71          0          0          0
      0.72          0          0          0
      0.73          0          0          0
      0.74          0          0          0
      0.75          0          0          0
      0.76          0          0          0
      0.77          0          0          0
      0.78          0          0          0
      0.79          0          0          0
       0.8          0          0          0
      0.81          0          0          0
      0.82          0          0          0
      0.83          0          0          0
      0.84          0          0          0
      0.85          0          0          0
      0.86          0          0          0
      0.87          0          0          0
      0.88          0          0          0
      0.89          0          0          0
       0.9          0          0          0
      0.91          0          0          0
      0.92          0          0          0
      0.93          0          0          0
      0.94          0          0          0
      0.95          0          0          0
      0.96          0          0          0
      0.97          0          0          0
      0.98          0          0          0
      0.99          0          0          0
