         0          1   0.339259   0.506637
      0.01   0.986007   0.777024    0.86913
      0.02   0.986007   0.777006   0.869118
      0.03   0.985814   0.775993   0.868409
      0.04   0.978508     0.7738   0.864197
      0.05   0.972826   0.772303   0.861044
      0.06   0.958137   0.779612   0.859704
      0.07   0.947584   0.783347   0.857674
      0.08   0.927522   0.789117    0.85274
      0.09   0.916506   0.793446   0.850548
       0.1   0.902667   0.801312   0.848975
      0.11   0.889563   0.805811   0.845618
      0.12   0.885118   0.810114   0.845957
      0.13   0.870313     0.8126   0.840467
      0.14   0.864747   0.813729   0.838463
      0.15    0.85172   0.815251   0.833087
      0.16   0.838964   0.817076   0.827876
      0.17   0.821685   0.818928   0.820305
      0.18   0.806958   0.821826   0.814324
      0.19   0.789679   0.824934   0.806922
       0.2   0.780363   0.831274   0.805014
      0.21   0.760263   0.841314   0.798738
      0.22   0.739041   0.849522    0.79044
      0.23   0.724237   0.856285   0.784745
      0.24   0.696792   0.862507   0.770844
      0.25   0.675802   0.867991   0.759934
      0.26   0.648821   0.874944   0.745104
      0.27   0.629532   0.880833   0.734276
      0.28   0.590993   0.884219   0.708464
      0.29   0.571086   0.886623   0.694704
       0.3   0.539544   0.886871   0.670921
      0.31   0.505296   0.888335   0.644176
      0.32   0.479436   0.890753   0.623358
      0.33   0.436915   0.893397   0.586838
      0.34   0.410244   0.890545   0.561721
      0.35   0.363201    0.88715   0.515397
      0.36   0.334248   0.881626   0.484724
      0.37   0.285582   0.874771   0.430591
      0.38   0.253034   0.866436   0.391682
      0.39   0.192617    0.84347   0.313616
       0.4   0.161268   0.824841   0.269788
      0.41   0.109896   0.790278   0.192959
      0.42  0.0894472   0.781879    0.16053
      0.43  0.0795903   0.768939    0.14425
      0.44  0.0592192   0.747178   0.109741
      0.45   0.051179   0.739241  0.0957304
      0.46  0.0455354   0.726471  0.0856991
      0.47  0.0403943   0.714286  0.0764643
      0.48  0.0344801   0.731278  0.0658551
      0.49  0.0320062   0.746269  0.0613799
       0.5  0.0266332   0.751634  0.0514435
      0.51  0.0215694   0.792793  0.0419962
      0.52  0.0166989   0.802198  0.0327167
      0.53  0.0136838   0.842857  0.0269304
      0.54   0.010862   0.833333  0.0214445
      0.55 0.00815617      0.825  0.0161526
      0.56 0.00769231   0.878788  0.0152511
      0.57 0.00568226   0.851852  0.0112892
      0.58 0.00533436   0.904762  0.0106062
      0.59 0.00154619   0.916667 0.00308718
       0.6 0.00154619   0.916667 0.00308718
      0.61 0.00127561   0.909091 0.00254764
      0.62  0.0011983   0.888889 0.00239337
      0.63 0.00104368          1 0.00208518
      0.64 0.00096637          1 0.00193087
      0.65 0.000850406          1 0.00169937
      0.66 0.000773096          1   0.001545
      0.67          0          0          0
      0.68          0          0          0
      0.69          0          0          0
       0.7          0          0          0
      0.71          0          0          0
      0.72          0          0          0
      0.73          0          0          0
      0.74          0          0          0
      0.75          0          0          0
      0.76          0          0          0
      0.77          0          0          0
      0.78          0          0          0
      0.79          0          0          0
       0.8          0          0          0
      0.81          0          0          0
      0.82          0          0          0
      0.83          0          0          0
      0.84          0          0          0
      0.85          0          0          0
      0.86          0          0          0
      0.87          0          0          0
      0.88          0          0          0
      0.89          0          0          0
       0.9          0          0          0
      0.91          0          0          0
      0.92          0          0          0
      0.93          0          0          0
      0.94          0          0          0
      0.95          0          0          0
      0.96          0          0          0
      0.97          0          0          0
      0.98          0          0          0
      0.99          0          0          0
