         0          1   0.393948   0.565226
      0.01    0.95469   0.421229   0.584545
      0.02    0.95469   0.421229   0.584545
      0.03    0.95469   0.421245    0.58456
      0.04    0.95469   0.421507   0.584813
      0.05    0.95469   0.422088   0.585371
      0.06   0.954584   0.423309   0.586525
      0.07   0.954443   0.424834    0.58796
      0.08   0.954018   0.426952   0.589904
      0.09   0.953488   0.428808   0.591571
       0.1   0.952108   0.431612   0.593966
      0.11   0.949314    0.43546   0.597048
      0.12   0.944114   0.438477   0.598835
      0.13   0.935944    0.44515   0.603341
      0.14   0.924377    0.44789   0.603409
      0.15   0.907435   0.453376   0.604653
      0.16   0.891164   0.457421   0.604541
      0.17   0.865591   0.463541   0.603758
      0.18   0.849073    0.46792   0.603342
      0.19   0.809953   0.475291   0.599051
       0.2   0.780772    0.47978   0.594341
      0.21   0.738257   0.489946   0.589001
      0.22   0.679718   0.504345   0.579044
      0.23   0.649795    0.51438   0.574212
      0.24   0.610427   0.530752   0.567808
      0.25     0.5787   0.541981   0.559739
      0.26   0.531515   0.554577   0.542801
      0.27    0.50237   0.563955   0.531384
      0.28   0.464346   0.572052   0.512603
      0.29   0.427844   0.578429   0.491869
       0.3   0.384302   0.589813   0.465379
      0.31   0.342211   0.600844   0.436063
      0.32   0.313278   0.599882   0.411603
      0.33   0.282046   0.597697   0.383244
      0.34   0.260611   0.597593   0.362943
      0.35   0.225064   0.595614   0.326684
      0.36   0.211481   0.593735   0.311876
      0.37   0.189481   0.591541   0.287023
      0.38   0.177313   0.586355   0.272287
      0.39   0.156374   0.596972    0.24783
       0.4   0.143393   0.596308   0.231191
      0.41   0.128254   0.587406   0.210539
      0.42   0.105829    0.56185    0.17811
      0.43   0.090938   0.555699   0.156298
      0.44  0.0782046   0.525449   0.136146
      0.45  0.0670628   0.505863   0.118426
      0.46  0.0522779   0.459677  0.0938791
      0.47   0.049236   0.451467  0.0887889
      0.48  0.0387663   0.414085  0.0708954
      0.49  0.0351231   0.368932  0.0641399
       0.5   0.030631   0.351145  0.0563468
      0.51  0.0235569   0.333333   0.044004
      0.52  0.0205504   0.316384  0.0385939
      0.53  0.0106819   0.228346  0.0204092
      0.54 0.00622524    0.15625  0.0119734
      0.55 0.00452745   0.149254 0.00878831
      0.56 0.00321873  0.0727273 0.00616463
      0.57  0.0020515   0.025641 0.00379904
      0.58          0          0          0
      0.59          0          0          0
       0.6          0          0          0
      0.61          0          0          0
      0.62          0          0          0
      0.63          0          0          0
      0.64          0          0          0
      0.65          0          0          0
      0.66          0          0          0
      0.67          0          0          0
      0.68          0          0          0
      0.69          0          0          0
       0.7          0          0          0
      0.71          0          0          0
      0.72          0          0          0
      0.73          0          0          0
      0.74          0          0          0
      0.75          0          0          0
      0.76          0          0          0
      0.77          0          0          0
      0.78          0          0          0
      0.79          0          0          0
       0.8          0          0          0
      0.81          0          0          0
      0.82          0          0          0
      0.83          0          0          0
      0.84          0          0          0
      0.85          0          0          0
      0.86          0          0          0
      0.87          0          0          0
      0.88          0          0          0
      0.89          0          0          0
       0.9          0          0          0
      0.91          0          0          0
      0.92          0          0          0
      0.93          0          0          0
      0.94          0          0          0
      0.95          0          0          0
      0.96          0          0          0
      0.97          0          0          0
      0.98          0          0          0
      0.99          0          0          0
