         0          1   0.172013   0.293534
      0.01   0.977912   0.217863   0.356339
      0.02   0.977912    0.21838    0.35703
      0.03   0.977912   0.219431   0.358434
      0.04   0.977912   0.223012   0.363197
      0.05   0.977912    0.22683   0.368244
      0.06   0.977912    0.23418   0.377872
      0.07   0.977912   0.240568   0.386143
      0.08   0.977912   0.252587   0.401475
      0.09   0.977912   0.260929   0.411943
       0.1   0.975975   0.275574   0.429793
      0.11    0.97576   0.291909   0.449381
      0.12   0.971672   0.302582   0.461463
      0.13   0.965146   0.319229    0.47977
      0.14   0.956827   0.330591     0.4914
      0.15   0.950731   0.347607   0.509082
      0.16   0.946572    0.35805   0.519569
      0.17   0.941695   0.376838   0.538275
      0.18   0.938612   0.389065   0.550105
      0.19   0.932731   0.406218   0.565955
       0.2    0.92097   0.416677   0.573764
      0.21   0.909782   0.430833   0.584753
      0.22   0.895726    0.44645   0.595893
      0.23   0.888985   0.455392   0.602266
      0.24   0.872705   0.465376   0.607042
      0.25   0.861446   0.471727   0.609624
      0.26   0.841007   0.481984   0.612781
      0.27   0.829461   0.487638   0.614193
      0.28   0.804934   0.496049   0.613823
      0.29   0.783993   0.500911   0.611269
       0.3     0.7642   0.512256   0.613364
      0.31   0.744765   0.520033   0.612433
      0.32   0.731999   0.527207    0.61295
      0.33   0.720453   0.535155   0.614132
      0.34    0.71529   0.543612   0.617745
      0.35   0.705895   0.551142   0.618993
      0.36    0.69607   0.558483   0.619732
      0.37   0.683161   0.565728   0.618923
      0.38   0.673121   0.567808   0.615996
      0.39   0.657344   0.570375   0.610779
       0.4   0.635686   0.575294   0.603984
      0.41   0.611876     0.5733    0.59196
      0.42   0.593087   0.574454   0.583622
      0.43   0.573293   0.570205   0.571745
      0.44   0.554432   0.561983   0.558182
      0.45   0.528973   0.555305   0.541819
      0.46   0.505594   0.543028   0.523643
      0.47   0.491251   0.536383   0.512826
      0.48   0.462421   0.525055   0.491752
      0.49   0.445998   0.516262   0.478565
       0.5   0.428858   0.508721   0.465388
      0.51    0.39716   0.492958   0.439904
      0.52   0.384538   0.487752   0.430039
      0.53   0.346672   0.470554   0.399224
      0.54   0.331038   0.456204   0.383671
      0.55   0.307444    0.43565   0.360487
      0.56   0.290089   0.416667   0.342043
      0.57   0.262909    0.39693   0.316309
      0.58   0.245769   0.382464   0.299245
      0.59   0.221314    0.36129   0.274487
       0.6   0.196931   0.341484   0.249802
      0.61   0.176563   0.325893   0.229038
      0.62   0.161001   0.308851   0.211664
      0.63    0.14759   0.288518   0.195284
      0.64   0.135829    0.26749    0.18017
      0.65   0.122131   0.247021    0.16345
      0.66  0.0960987   0.204082   0.130668
      0.67   0.079389   0.178616   0.109922
      0.68  0.0618187   0.139566  0.0856847
      0.69  0.0519937   0.115819  0.0717688
       0.7  0.0303356  0.0780781  0.0436946
      0.71  0.0217298  0.0599369  0.0318959
      0.72  0.0209409  0.0559105  0.0304696
      0.73   0.017642      0.045  0.0253469
      0.74  0.0148451  0.0277778  0.0193494
      0.75          0          0          0
      0.76          0          0          0
      0.77          0          0          0
      0.78          0          0          0
      0.79          0          0          0
       0.8          0          0          0
      0.81          0          0          0
      0.82          0          0          0
      0.83          0          0          0
      0.84          0          0          0
      0.85          0          0          0
      0.86          0          0          0
      0.87          0          0          0
      0.88          0          0          0
      0.89          0          0          0
       0.9          0          0          0
      0.91          0          0          0
      0.92          0          0          0
      0.93          0          0          0
      0.94          0          0          0
      0.95          0          0          0
      0.96          0          0          0
      0.97          0          0          0
      0.98          0          0          0
      0.99          0          0          0
