         0          1   0.171113   0.292223
      0.01   0.971423   0.142963   0.249245
      0.02   0.971423   0.143081   0.249425
      0.03   0.971423   0.143425   0.249947
      0.04   0.971423   0.144695   0.251873
      0.05   0.971233   0.146147   0.254064
      0.06   0.970756   0.150311   0.260315
      0.07   0.970471   0.153607   0.265233
      0.08   0.967041   0.159652   0.274059
      0.09   0.962469   0.164125   0.280429
       0.1    0.94437   0.174281   0.294258
      0.11   0.937417   0.187654    0.31271
      0.12   0.931606   0.197212   0.325516
      0.13   0.922366   0.214759   0.348399
      0.14    0.91989   0.227851   0.365235
      0.15    0.91446   0.249178   0.391639
      0.16   0.907125   0.262737   0.407459
      0.17   0.896456   0.284473   0.431893
      0.18   0.885978   0.298448   0.446492
      0.19   0.876929   0.317005   0.465672
       0.2   0.869023   0.330484    0.47886
      0.21   0.854639   0.345114   0.491681
      0.22   0.846637    0.35616   0.501395
      0.23   0.839207   0.362381   0.506184
      0.24   0.826443   0.370397   0.511534
      0.25   0.816536   0.374892   0.513859
      0.26   0.799295     0.3795   0.514648
      0.27   0.790627   0.380811   0.514034
      0.28   0.772433   0.380993   0.510291
      0.29   0.757668   0.382132   0.508035
       0.3   0.740331   0.385145   0.506692
      0.31   0.719566   0.383259   0.500134
      0.32   0.703848   0.383942   0.496855
      0.33   0.674509    0.37826   0.484702
      0.34   0.647457    0.37388   0.474028
      0.35   0.604115   0.369093   0.458226
      0.36   0.587255    0.36589   0.450866
      0.37   0.552391   0.359553   0.435583
      0.38   0.529625   0.354416   0.424658
      0.39   0.486188   0.346821   0.404846
       0.4   0.461421   0.340403    0.39178
      0.41   0.408649     0.3338   0.367452
      0.42   0.387312   0.331958   0.357505
      0.43   0.368261   0.329459   0.347781
      0.44   0.346923   0.327742    0.33706
      0.45   0.332921   0.323273   0.328026
      0.46   0.315774   0.322076   0.318894
      0.47   0.304248   0.323128   0.313404
      0.48   0.296914   0.321651   0.308788
      0.49   0.287769   0.316281   0.301352
       0.5   0.259954   0.307858   0.281886
      0.51   0.249857   0.300319   0.272774
      0.52   0.234997   0.292162    0.26048
      0.53   0.221566   0.285066   0.249336
      0.54    0.21204   0.280127   0.241374
      0.55    0.18756   0.268555   0.220866
      0.56   0.175081   0.256243   0.208026
      0.57   0.155268   0.249682   0.191469
      0.58     0.1506   0.248667    0.18759
      0.59   0.144218   0.248756   0.182583
       0.6   0.139931   0.246515   0.178525
      0.61   0.133263   0.248025   0.173374
      0.62   0.126977   0.240103   0.166108
      0.63   0.117356   0.237226   0.157029
      0.64   0.113926   0.235409   0.153545
      0.65   0.110211   0.235417   0.150136
      0.66   0.105353   0.235294   0.145541
      0.67   0.100495   0.234597   0.140713
      0.68  0.0941132   0.244764   0.135952
      0.69  0.0908745   0.246914   0.132853
       0.7  0.0859211   0.253067   0.128287
      0.71  0.0802058   0.261246   0.122731
      0.72  0.0772528   0.264815   0.119612
      0.73  0.0692513   0.239264   0.107413
      0.74  0.0571537   0.221477  0.0908603
      0.75  0.0465803   0.200542  0.0756007
      0.76  0.0385788   0.197605  0.0645545
      0.77  0.0378167   0.211726  0.0641717
      0.78  0.0332444   0.208333  0.0573391
      0.79  0.0310535       0.22  0.0544249
       0.8  0.0286721   0.225225  0.0508685
      0.81  0.0262907   0.231183  0.0472123
      0.82  0.0235283   0.242038  0.0428875
      0.83   0.023052   0.255639  0.0422905
      0.84  0.0212421       0.27  0.0393856
      0.85  0.0205753   0.302632   0.038531
      0.86  0.0174319   0.293103  0.0329067
      0.87  0.0146695   0.289474  0.0279238
      0.88 0.00790627   0.235294  0.0152985
      0.89 0.00514384   0.214286  0.0100465
       0.9          0          0          0
      0.91          0          0          0
      0.92          0          0          0
      0.93          0          0          0
      0.94          0          0          0
      0.95          0          0          0
      0.96          0          0          0
      0.97          0          0          0
      0.98          0          0          0
      0.99          0          0          0
