         0          1   0.391539   0.562742
      0.01   0.878574   0.480149   0.620945
      0.02   0.878574   0.480092   0.620898
      0.03   0.878574   0.479985   0.620808
      0.04   0.878049   0.479967   0.620662
      0.05   0.877243   0.480154   0.620617
      0.06      0.875   0.480406   0.620265
      0.07   0.873949    0.48144   0.620861
      0.08   0.868973   0.481715   0.619828
      0.09   0.864592    0.48214    0.61906
       0.1   0.855936   0.481991   0.616706
      0.11    0.84241   0.481751   0.612965
      0.12   0.828743   0.482482   0.609893
      0.13   0.807226    0.48251   0.603991
      0.14   0.796608   0.485566   0.603359
      0.15   0.781259   0.487876   0.600657
      0.16   0.768328   0.489939   0.598337
      0.17   0.740048   0.494727   0.593018
      0.18   0.725995    0.49992   0.592112
      0.19   0.714221   0.510358    0.59532
       0.2   0.699888   0.516687   0.594494
      0.21   0.683382   0.526301   0.594643
      0.22   0.664634   0.539235   0.595404
      0.23   0.652544   0.547323    0.59532
      0.24   0.639893   0.562329   0.598609
      0.25   0.628645   0.574353   0.600274
      0.26   0.614978   0.593832    0.60422
      0.27   0.606742   0.605556   0.606149
      0.28   0.585611   0.624102   0.604244
      0.29   0.569666   0.636975   0.601443
       0.3   0.548675    0.65482   0.597067
      0.31   0.519064   0.674694   0.586734
      0.32   0.500666   0.686549   0.579056
      0.33   0.475435   0.702132   0.566962
      0.34    0.45963   0.715765    0.55979
      0.35   0.440777   0.736044   0.551369
      0.36   0.430824   0.750203    0.54733
      0.37   0.413092   0.771214   0.538007
      0.38   0.399075   0.782833   0.528652
      0.39   0.375035   0.805061   0.511697
       0.4   0.363996   0.821238   0.504419
      0.41   0.345388   0.837657   0.489105
      0.42   0.328638    0.85016   0.474033
      0.43   0.317003   0.858522   0.463034
      0.44   0.304282   0.869428   0.450795
      0.45   0.296923   0.874584   0.443334
      0.46   0.279156   0.882101   0.424099
      0.47   0.268573   0.888745   0.412493
      0.48   0.249965   0.891351   0.390438
      0.49    0.23826   0.900915   0.376856
       0.5   0.228273    0.90625   0.364686
      0.51   0.215692   0.914209   0.349036
      0.52   0.208579   0.925856   0.340458
      0.53   0.192669     0.9234   0.318816
      0.54     0.1817   0.922136   0.303582
      0.55   0.171292   0.932367   0.289414
      0.56    0.16565   0.931298   0.281271
      0.57   0.152719   0.934097   0.262519
      0.58   0.142522   0.935285   0.247351
      0.59   0.130747   0.936968   0.229473
       0.6    0.12125   0.935849   0.214686
      0.61   0.104885   0.929032    0.18849
      0.62  0.0998738   0.924485   0.180273
      0.63  0.0955635   0.922892   0.173193
      0.64  0.0901318   0.927083   0.164291
      0.65  0.0877138   0.924324   0.160223
      0.66   0.083088   0.921965   0.152438
      0.67  0.0775161   0.914826   0.142922
      0.68  0.0721194   0.911565   0.133664
      0.69   0.068545   0.905109   0.127439
       0.7  0.0609055   0.905738   0.114136
      0.71  0.0550883   0.898618   0.103813
      0.72  0.0491309   0.888325  0.0931121
      0.73  0.0410008   0.891026  0.0783943
      0.74  0.0377418   0.892086  0.0724197
      0.75  0.0329058   0.871795  0.0634179
      0.76  0.0250911   0.845361  0.0487357
      0.77   0.019379    0.78125  0.0378199
      0.78   0.006448   0.571429  0.0127521
      0.79 0.00413513        0.5 0.00820242
       0.8 0.00371461    0.47619 0.00737171
      0.81 0.00227782   0.285714 0.00451962
      0.82          0          0          0
      0.83          0          0          0
      0.84          0          0          0
      0.85          0          0          0
      0.86          0          0          0
      0.87          0          0          0
      0.88          0          0          0
      0.89          0          0          0
       0.9          0          0          0
      0.91          0          0          0
      0.92          0          0          0
      0.93          0          0          0
      0.94          0          0          0
      0.95          0          0          0
      0.96          0          0          0
      0.97          0          0          0
      0.98          0          0          0
      0.99          0          0          0
