         0          1   0.216663    0.35616
      0.01   0.998007    0.69895   0.822127
      0.02   0.998007    0.69895   0.822127
      0.03   0.998007   0.700028   0.822872
      0.04   0.998007   0.700042   0.822882
      0.05   0.998007    0.70007   0.822901
      0.06   0.998007   0.699888   0.822775
      0.07   0.997736   0.699901   0.822692
      0.08   0.997554   0.699718   0.822504
      0.09   0.997328    0.69949    0.82227
       0.1   0.996966   0.700057   0.822538
      0.11    0.99692   0.699785   0.822335
      0.12    0.99683   0.699899   0.822383
      0.13   0.996558   0.700364   0.822611
      0.14    0.99606    0.70244   0.823871
      0.15   0.995471   0.705593   0.825833
      0.16   0.995109   0.707428   0.826963
      0.17   0.993252   0.709504   0.827736
      0.18   0.991938   0.712881    0.82957
      0.19   0.987862    0.71702   0.830928
       0.2   0.982065   0.719702   0.830659
      0.21   0.975861   0.726109    0.83266
      0.22    0.97192   0.730056   0.833803
      0.23   0.966531   0.734496   0.834688
      0.24   0.962409   0.738693    0.83584
      0.25   0.957156   0.741339   0.835536
      0.26   0.950317   0.745495   0.835536
      0.27   0.945788   0.749109   0.836037
      0.28   0.937591   0.755693   0.836872
      0.29   0.933016   0.760669   0.838074
       0.3   0.924004   0.768201    0.83893
      0.31   0.905661   0.777848   0.836903
      0.32   0.893116   0.783667    0.83482
      0.33    0.87577   0.795251    0.83357
      0.34   0.862092   0.803072   0.831536
      0.35   0.848913   0.814025   0.831103
      0.36   0.844067   0.820755   0.832248
      0.37   0.836413   0.831201   0.833799
      0.38   0.829167   0.837852   0.833487
      0.39   0.817437   0.847127   0.832017
       0.4   0.812002   0.849987    0.83056
      0.41   0.798913   0.854069   0.825571
      0.42    0.79058   0.859544   0.823621
      0.43   0.782065    0.86136     0.8198
      0.44   0.773098   0.867524   0.817594
      0.45   0.766984   0.868902   0.814768
      0.46   0.756612   0.872314   0.810354
      0.47   0.748641   0.877644   0.808026
      0.48   0.730389   0.886728   0.801002
      0.49   0.722781   0.891605   0.798365
       0.5   0.694701   0.900758   0.784423
      0.51   0.664946   0.914659   0.770064
      0.52   0.636187   0.919965   0.752201
      0.53   0.589447   0.925486   0.720197
      0.54   0.570109   0.929418   0.706715
      0.55   0.537908   0.941891   0.684756
      0.56   0.521558   0.945385   0.672246
      0.57   0.495063   0.949026   0.650691
      0.58   0.483424   0.949143   0.640582
      0.59   0.459466   0.960377   0.621562
       0.6   0.441803    0.96384   0.605882
      0.61    0.42269   0.968793    0.58858
      0.62    0.39529   0.976226   0.562724
      0.63   0.383107   0.977641   0.550493
      0.64    0.36721   0.980535   0.534318
      0.65   0.358786   0.982368   0.525607
      0.66   0.343252     0.9839   0.508948
      0.67   0.328533   0.983917   0.492589
      0.68   0.297192   0.987513   0.456885
      0.69   0.284601   0.993304   0.442436
       0.7   0.255072   0.994962   0.406049
      0.71   0.232111   0.994056   0.376345
      0.72   0.197826    0.99278   0.329912
      0.73   0.154846   0.993056   0.267916
      0.74   0.133288   0.994521   0.235071
      0.75   0.100679   0.996479   0.182881
      0.76  0.0886322   0.995968   0.162779
      0.77  0.0658062      0.995   0.123448
      0.78  0.0537138   0.994475   0.101922
      0.79  0.0491848          1  0.0937581
       0.8  0.0437047          1  0.0837492
      0.81  0.0366395          1   0.070689
      0.82  0.0308424          1  0.0598392
      0.83   0.021875          1  0.0428135
      0.84  0.0176178          1  0.0346255
      0.85  0.0161685          1  0.0318224
      0.86 0.00851449          1  0.0168852
      0.87          0          0          0
      0.88          0          0          0
      0.89          0          0          0
       0.9          0          0          0
      0.91          0          0          0
      0.92          0          0          0
      0.93          0          0          0
      0.94          0          0          0
      0.95          0          0          0
      0.96          0          0          0
      0.97          0          0          0
      0.98          0          0          0
      0.99          0          0          0
