         0          1   0.214804   0.353644
      0.01   0.942301   0.466938   0.624445
      0.02   0.942301   0.467889   0.625295
      0.03   0.942301     0.4734   0.630197
      0.04   0.942301   0.489744   0.644514
      0.05   0.942301   0.500052   0.653376
      0.06   0.942301   0.510202    0.66198
      0.07   0.942002    0.51794   0.668383
      0.08   0.935359    0.53104    0.67746
      0.09   0.930581   0.544957   0.687379
       0.1   0.918489   0.564389   0.699161
      0.11   0.893633   0.582015   0.704921
      0.12    0.87221   0.590644    0.70433
      0.13   0.857132   0.610836   0.713322
      0.14   0.844667   0.618644     0.7142
      0.15   0.830261   0.634666   0.719406
      0.16   0.823916    0.64455   0.723278
      0.17   0.812794   0.653655   0.724589
      0.18   0.801896   0.659376   0.723686
      0.19   0.791371   0.668123   0.724543
       0.2   0.783011   0.672384   0.723493
      0.21   0.770994   0.681787   0.723652
      0.22   0.756811    0.68909   0.721364
      0.23   0.748227   0.696078   0.721211
      0.24   0.729492   0.706892   0.718014
      0.25   0.720609   0.712588   0.716576
      0.26   0.702172   0.719379   0.710671
      0.27   0.686572   0.723353   0.704483
      0.28   0.658356   0.731559    0.69303
      0.29   0.647309   0.734884   0.688322
       0.3   0.625961   0.748751   0.681872
      0.31   0.601777   0.767171   0.674482
      0.32   0.579831    0.77414   0.663043
      0.33   0.544077   0.790255   0.644457
      0.34   0.516832   0.800101   0.628001
      0.35   0.492125   0.813474   0.613253
      0.36   0.472867   0.824804   0.601112
      0.37   0.426066   0.837671   0.564837
      0.38   0.400015    0.84576   0.543143
      0.39   0.378368   0.855422   0.524667
       0.4   0.365903   0.865864   0.514419
      0.41   0.337911   0.873239   0.487268
      0.42    0.32246   0.883625   0.472494
      0.43   0.310741    0.89154   0.460854
      0.44   0.303725   0.907514   0.455128
      0.45   0.297828    0.91373    0.44923
      0.46   0.288273   0.916345   0.438575
      0.47   0.277973   0.926075   0.427597
      0.48   0.269463   0.931429   0.417999
      0.49    0.26282   0.937031   0.410502
       0.5   0.253564   0.946774   0.400001
      0.51    0.24722   0.951724   0.392487
      0.52   0.242144    0.95471   0.386308
      0.53   0.228111   0.958932   0.368551
      0.54   0.209002   0.964286   0.343543
      0.55   0.201388    0.97555   0.333857
      0.56   0.194969   0.984127    0.32546
      0.57   0.173621   0.996865   0.295735
      0.58   0.160633   0.996587   0.276671
      0.59   0.146003          1   0.254804
       0.6   0.130999          1   0.231653
      0.61   0.111891          1   0.201262
      0.62  0.0935284          1   0.171058
      0.63  0.0809136          1   0.149713
      0.64  0.0741211          1   0.138013
      0.65  0.0697917          1   0.130477
      0.66   0.057177          1   0.108169
      0.67  0.0562066          1   0.106431
      0.68   0.048593          1  0.0926822
      0.69   0.043144          1  0.0827191
       0.7  0.0372471          1  0.0718192
      0.71  0.0360528          1  0.0695965
      0.72  0.0350078          1  0.0676475
      0.73   0.030156          1  0.0585465
      0.74  0.0297828          1  0.0578429
      0.75  0.0225424          1  0.0440908
      0.76  0.0225424          1  0.0440908
      0.77  0.0219452          1  0.0429479
      0.78  0.0212734          1  0.0416606
      0.79  0.0199298          1  0.0390808
       0.8  0.0199298          1  0.0390808
      0.81  0.0179891          1  0.0353424
      0.82  0.0179891          1  0.0353424
      0.83  0.0179891          1  0.0353424
      0.84  0.0161977          1  0.0318789
      0.85  0.0156752          1  0.0308665
      0.86  0.0126894          1  0.0250608
      0.87  0.0122415          1   0.024187
      0.88 0.00328432          1 0.00654713
      0.89          0          0          0
       0.9          0          0          0
      0.91          0          0          0
      0.92          0          0          0
      0.93          0          0          0
      0.94          0          0          0
      0.95          0          0          0
      0.96          0          0          0
      0.97          0          0          0
      0.98          0          0          0
      0.99          0          0          0
