         0          1   0.406617   0.578148
      0.01   0.917314    0.57466   0.706639
      0.02   0.917314   0.574646   0.706629
      0.03   0.917314   0.574828   0.706766
      0.04   0.917314   0.575624   0.707368
      0.05   0.917195   0.576241   0.707798
      0.06   0.917037   0.578861   0.709723
      0.07   0.915768   0.581127   0.711042
      0.08    0.91121   0.583953   0.711767
      0.09   0.901736   0.584461   0.709232
       0.1   0.879697   0.584186   0.702115
      0.11   0.841248   0.585058   0.690145
      0.12   0.809854   0.584908   0.679242
      0.13   0.774259   0.588442   0.668681
      0.14    0.75769    0.59462   0.666323
      0.15   0.729111   0.599085   0.657733
      0.16   0.705526   0.601574   0.649416
      0.17   0.670327   0.604904   0.635937
      0.18   0.650309   0.605308   0.627002
      0.19   0.615863   0.610759     0.6133
       0.2   0.586372    0.61179   0.598811
      0.21   0.553908    0.61888   0.584595
      0.22   0.517718   0.624092    0.56595
      0.23   0.497225   0.627003   0.554624
      0.24   0.468884   0.635296    0.53955
      0.25   0.450254   0.640806    0.52889
      0.26   0.419891   0.646979   0.509266
      0.27   0.401697   0.647901   0.495923
      0.28   0.368717   0.649103    0.47029
      0.29   0.346123   0.654873   0.452882
       0.3    0.32349    0.66802   0.435896
      0.31   0.295069   0.674192   0.410484
      0.32   0.280482   0.679048   0.396988
      0.33   0.257928   0.685514   0.374826
      0.34   0.243539   0.683113   0.359066
      0.35   0.215475   0.681319   0.327404
      0.36   0.204455     0.6804   0.314427
      0.37   0.184359   0.674699   0.289588
      0.38   0.169256   0.669243   0.270182
      0.39   0.145751   0.650647   0.238153
       0.4   0.135009   0.651469   0.223666
      0.41   0.114199   0.642943   0.193948
      0.42  0.0943793   0.623377   0.163938
      0.43  0.0824481     0.6176   0.145476
      0.44  0.0724592   0.613936    0.12962
      0.45  0.0626685   0.598726   0.113461
      0.46  0.0503013   0.598997  0.0928088
      0.47  0.0419375   0.591281  0.0783201
      0.48  0.0380133   0.584098  0.0713811
      0.49  0.0354765   0.571429  0.0668054
       0.5   0.027192   0.572034  0.0519161
      0.51  0.0241795   0.581633  0.0464288
      0.52  0.0218408   0.557692  0.0420354
      0.53  0.0161725   0.633333  0.0315396
      0.54  0.0141509   0.661972  0.0277095
      0.55  0.0117726   0.631579  0.0231144
      0.56 0.00955288   0.638298   0.018824
      0.57 0.00705565        0.9  0.0140015
      0.58 0.00558903   0.857143  0.0111056
      0.59 0.00348819          1 0.00695213
       0.6 0.00126843          1 0.00253365
      0.61 0.00126843          1 0.00253365
      0.62 0.00126843          1 0.00253365
      0.63 0.00126843          1 0.00253365
      0.64 0.00107024          1 0.00213819
      0.65 0.00107024          1 0.00213819
      0.66 0.00107024          1 0.00213819
      0.67          0          0          0
      0.68          0          0          0
      0.69          0          0          0
       0.7          0          0          0
      0.71          0          0          0
      0.72          0          0          0
      0.73          0          0          0
      0.74          0          0          0
      0.75          0          0          0
      0.76          0          0          0
      0.77          0          0          0
      0.78          0          0          0
      0.79          0          0          0
       0.8          0          0          0
      0.81          0          0          0
      0.82          0          0          0
      0.83          0          0          0
      0.84          0          0          0
      0.85          0          0          0
      0.86          0          0          0
      0.87          0          0          0
      0.88          0          0          0
      0.89          0          0          0
       0.9          0          0          0
      0.91          0          0          0
      0.92          0          0          0
      0.93          0          0          0
      0.94          0          0          0
      0.95          0          0          0
      0.96          0          0          0
      0.97          0          0          0
      0.98          0          0          0
      0.99          0          0          0
