         0          1   0.364376   0.534128
      0.01   0.952966   0.406059   0.569467
      0.02   0.952966    0.40609   0.569498
      0.03   0.952966   0.406191   0.569597
      0.04   0.952914   0.406555   0.569946
      0.05   0.952655   0.407358   0.570688
      0.06   0.952603   0.409971   0.573238
      0.07   0.952085    0.41194   0.575065
      0.08    0.95079   0.415382   0.578172
      0.09   0.950065   0.417717   0.580294
       0.1   0.946283   0.422251   0.583938
      0.11   0.938254   0.426912   0.586818
      0.12   0.932919   0.430762   0.589384
      0.13    0.91971   0.436828   0.592324
      0.14   0.906915   0.440669   0.593134
      0.15   0.888371   0.448832   0.596363
      0.16   0.870034   0.454943   0.597469
      0.17   0.840456   0.463773   0.597719
      0.18   0.823776   0.471403   0.599656
      0.19   0.796944   0.479965   0.599111
       0.2   0.776379   0.488014   0.599314
      0.21   0.738721   0.501162   0.597183
      0.22   0.715462   0.515303   0.599107
      0.23   0.703548   0.526325   0.602168
      0.24   0.674126   0.539046   0.599066
      0.25   0.653768   0.546832   0.595538
      0.26   0.618285   0.563836   0.589807
      0.27   0.594406   0.577257   0.585706
      0.28    0.56172   0.595275   0.578011
      0.29   0.541155   0.609323    0.57322
       0.3    0.51826    0.63202   0.569515
      0.31   0.490961   0.655743   0.561512
      0.32   0.474074    0.67525   0.557055
      0.33   0.456669   0.697829   0.552062
      0.34   0.438539   0.714573   0.543518
      0.35   0.419114   0.739705   0.535063
      0.36   0.406527   0.752394    0.52785
      0.37    0.38819   0.771429   0.516481
      0.38   0.377208   0.779486   0.508394
      0.39   0.357265   0.796091   0.493196
       0.4   0.339705   0.805831   0.477933
      0.41    0.32375   0.814047    0.46326
      0.42   0.293862   0.817781   0.432359
      0.43   0.277752    0.82717   0.415863
      0.44   0.269049   0.839847   0.407541
      0.45   0.264128     0.8477   0.402763
      0.46   0.253043   0.854279   0.390437
      0.47   0.243564   0.854696   0.379096
      0.48   0.233722   0.862622   0.367793
      0.49   0.227972    0.86834   0.361133
       0.5   0.208288    0.87619   0.336567
      0.51   0.194198   0.887121   0.318643
      0.52   0.185548   0.893429    0.30728
      0.53    0.17555   0.900088   0.293799
      0.54   0.168661   0.902765   0.284222
      0.55   0.158405   0.906652   0.269691
      0.56   0.147578   0.903981   0.253734
      0.57   0.132401   0.904393   0.230986
      0.58   0.127843   0.909972   0.224189
      0.59   0.114893   0.911076   0.204053
       0.6   0.107692   0.911111   0.192617
      0.61  0.0973323   0.916509   0.175976
      0.62  0.0917379   0.911255   0.166694
      0.63  0.0880601    0.91224   0.160616
      0.64  0.0817923   0.909794   0.150091
      0.65  0.0773893   0.909091   0.142636
      0.66  0.0699819    0.89701   0.129834
      0.67  0.0635069   0.892086   0.118573
      0.68  0.0550117   0.891213   0.103627
      0.69  0.0519037   0.904977  0.0981765
       0.7  0.0478114    0.90404  0.0908198
      0.71  0.0454804   0.907104   0.086618
      0.72  0.0412328    0.89881  0.0788485
      0.73   0.037296   0.889655  0.0715908
      0.74  0.0341362   0.876923  0.0657144
      0.75  0.0254856   0.884615  0.0495439
      0.76  0.0229474   0.877551  0.0447253
      0.77  0.0209272   0.873563  0.0408752
      0.78  0.0199948   0.860759  0.0390818
      0.79   0.018907   0.861111  0.0370016
       0.8  0.0172494   0.850746  0.0338132
      0.81  0.0154364   0.864407  0.0303312
      0.82  0.0136752       0.84  0.0269123
      0.83   0.012432   0.846154   0.024504
      0.84  0.0100492    0.73913  0.0198288
      0.85 0.00518001   0.666667  0.0102801
      0.86   0.003108   0.444444 0.00617284
      0.87  0.0020202      0.375 0.00401875
      0.88  0.0020202        0.5 0.00402414
      0.89  0.0015022          1  0.0029999
       0.9          0          0          0
      0.91          0          0          0
      0.92          0          0          0
      0.93          0          0          0
      0.94          0          0          0
      0.95          0          0          0
      0.96          0          0          0
      0.97          0          0          0
      0.98          0          0          0
      0.99          0          0          0
