         0          1   0.374026   0.544424
      0.01   0.750223   0.331769   0.460079
      0.02   0.750223   0.331886   0.460191
      0.03   0.750223   0.332148   0.460443
      0.04   0.750223   0.332922   0.461187
      0.05   0.750223   0.334306   0.462512
      0.06   0.750223   0.336904   0.464993
      0.07   0.750223   0.339566   0.467522
      0.08   0.750223   0.345389   0.473012
      0.09   0.749211   0.349541   0.476686
       0.1   0.747363   0.356973   0.483165
      0.11   0.742954    0.36519   0.489683
      0.12   0.741524   0.370741   0.494331
      0.13   0.734493    0.37965   0.500564
      0.14   0.724841   0.386504   0.504171
      0.15   0.709289   0.397281   0.509298
      0.16    0.70196   0.406363   0.514743
      0.17   0.688137   0.420531   0.522037
      0.18   0.675207   0.431714    0.52668
      0.19   0.651314   0.446843   0.530042
       0.2   0.637729   0.457851   0.533023
      0.21   0.617828   0.476213   0.537855
      0.22    0.59316    0.49646   0.540519
      0.23   0.579694   0.513236   0.544444
      0.24   0.553417   0.536061   0.544601
      0.25   0.534946   0.551445    0.54307
      0.26   0.519514   0.578295   0.547331
      0.27   0.507835   0.596741    0.54871
      0.28   0.485849   0.620537   0.544994
      0.29   0.469463   0.636887   0.540507
       0.3   0.437705   0.662051   0.526995
      0.31   0.408628   0.679621   0.510383
      0.32   0.383364   0.692982   0.493641
      0.33   0.347077   0.712647   0.466808
      0.34   0.317822   0.725278   0.441969
      0.35   0.291188   0.746578   0.418966
      0.36   0.266996   0.756605   0.394706
      0.37   0.240362   0.769335   0.366286
      0.38    0.22058   0.776569   0.343571
      0.39   0.201156   0.803561   0.321764
       0.4   0.184651   0.814698   0.301066
      0.41   0.166657   0.820144   0.277022
      0.42   0.152416    0.83237   0.257653
      0.43   0.146041   0.840889   0.248861
      0.44   0.135673   0.846154    0.23385
      0.45    0.12745   0.845426   0.221508
      0.46   0.117142   0.855825   0.206078
      0.47   0.113091   0.880893   0.200447
      0.48   0.103259   0.901269    0.18529
      0.49  0.0946791   0.905488   0.171433
       0.5  0.0853244   0.907591   0.155984
      0.51  0.0834773   0.923894    0.15312
      0.52   0.081809   0.933579   0.150435
      0.53  0.0778764    0.94332   0.143875
      0.54  0.0759697   0.953092   0.140723
      0.55   0.073348   0.968468   0.136368
      0.56  0.0707859   0.974057   0.131981
      0.57  0.0668534   0.987342   0.125228
      0.58  0.0667938   0.992268   0.125162
      0.59  0.0657808          1   0.123442
       0.6  0.0654829          1   0.122917
      0.61    0.06447          1   0.121131
      0.62  0.0633379          1    0.11913
      0.63  0.0614908          1   0.115857
      0.64  0.0560686          1   0.106184
      0.65  0.0527915          1   0.100289
      0.66  0.0427218          1  0.0819429
      0.67  0.0398618          1  0.0766674
      0.68  0.0287195          1  0.0558355
      0.69  0.0213907          1  0.0418854
       0.7  0.0123339          1  0.0243673
      0.71 0.00875886          1  0.0173656
      0.72 0.00869928          1  0.0172485
      0.73 0.00417089          1 0.00830713
      0.74  0.0022642          1 0.00451816
      0.75          0          0          0
      0.76          0          0          0
      0.77          0          0          0
      0.78          0          0          0
      0.79          0          0          0
       0.8          0          0          0
      0.81          0          0          0
      0.82          0          0          0
      0.83          0          0          0
      0.84          0          0          0
      0.85          0          0          0
      0.86          0          0          0
      0.87          0          0          0
      0.88          0          0          0
      0.89          0          0          0
       0.9          0          0          0
      0.91          0          0          0
      0.92          0          0          0
      0.93          0          0          0
      0.94          0          0          0
      0.95          0          0          0
      0.96          0          0          0
      0.97          0          0          0
      0.98          0          0          0
      0.99          0          0          0
