         0          1   0.298178   0.459379
      0.01    0.93275   0.298471   0.452232
      0.02    0.93275   0.298548   0.452321
      0.03    0.93275   0.298845   0.452661
      0.04    0.93275   0.300391   0.454433
      0.05    0.93275    0.30319   0.457628
      0.06   0.932432   0.309194   0.464395
      0.07   0.932326    0.31414   0.469938
      0.08   0.932113   0.326771   0.483901
      0.09   0.930522   0.335686   0.493384
       0.1   0.928772   0.351145   0.509617
      0.11   0.922779   0.368673   0.526854
      0.12   0.915354   0.380932    0.53798
      0.13   0.902944   0.399178   0.553612
      0.14   0.891806   0.409851   0.561603
      0.15   0.880456   0.427793   0.575812
      0.16   0.869053   0.438115    0.58255
      0.17   0.843384   0.450693   0.587457
      0.18   0.832352   0.459225   0.591892
      0.19   0.813259   0.470776   0.596344
       0.2   0.792151   0.476326   0.594921
      0.21   0.766799   0.484153   0.593545
      0.22   0.734659   0.490407   0.588184
      0.23   0.720127   0.494463   0.586331
      0.24    0.69695   0.501287   0.583143
      0.25   0.677698   0.506346   0.579623
      0.26   0.649377   0.514337   0.574022
      0.27   0.633254   0.521327   0.571865
      0.28   0.604561   0.531002   0.565399
      0.29   0.587165   0.535725   0.560267
       0.3    0.56245   0.546797   0.554513
      0.31    0.54113   0.560343   0.550569
      0.32   0.520286   0.567582   0.542906
      0.33   0.485813   0.578693   0.528201
      0.34    0.46306   0.588965   0.518479
      0.35   0.434049   0.606146   0.505861
      0.36    0.41782   0.623151   0.500235
      0.37   0.391832   0.645209   0.487567
      0.38   0.372527   0.656055   0.475214
      0.39    0.34638   0.691654   0.461594
       0.4   0.335826   0.715636   0.457133
      0.41   0.305807   0.736368   0.432148
      0.42    0.28751   0.759326   0.417093
      0.43   0.270697   0.778912   0.401767
      0.44   0.256272        0.8    0.38819
      0.45   0.243967   0.805808   0.374539
      0.46    0.22742   0.832808   0.357276
      0.47    0.21957   0.855846    0.34948
      0.48   0.211986   0.878141   0.341527
      0.49   0.207849   0.883049   0.336495
       0.5   0.202546   0.905767    0.33106
      0.51   0.196128   0.928463   0.323847
      0.52    0.19162   0.941083   0.318407
      0.53   0.185044   0.945274   0.309501
      0.54   0.179475   0.953287   0.302078
      0.55    0.17258    0.96357   0.292731
      0.56   0.170247   0.967742   0.289554
      0.57   0.163988   0.973948   0.280712
      0.58   0.161602   0.977273   0.277342
      0.59   0.158366   0.995652   0.273268
       0.6   0.156563          1   0.270739
      0.61   0.153646          1   0.266366
      0.62   0.149987          1    0.26085
      0.63   0.147812          1   0.257555
      0.64   0.139857          1   0.245394
      0.65   0.136569          1   0.240317
      0.66    0.12909          1   0.228663
      0.67   0.125007          1   0.222233
      0.68   0.119067          1   0.212796
      0.69   0.111748          1    0.20103
       0.7  0.0995492          1   0.181073
      0.71  0.0891541          1   0.163713
      0.72  0.0856006          1   0.157702
      0.73  0.0797136          1   0.147657
      0.74  0.0751525          1   0.139799
      0.75  0.0638557          1   0.120046
      0.76  0.0565898          1   0.107118
      0.77  0.0421639          1   0.080916
      0.78  0.0376558          1  0.0725786
      0.79  0.0260939          1  0.0508606
       0.8   0.020366          1  0.0399189
      0.81  0.0137364          1  0.0271006
      0.82 0.00503845          1  0.0100264
      0.83 0.00450809          1 0.00897571
      0.84          0          0          0
      0.85          0          0          0
      0.86          0          0          0
      0.87          0          0          0
      0.88          0          0          0
      0.89          0          0          0
       0.9          0          0          0
      0.91          0          0          0
      0.92          0          0          0
      0.93          0          0          0
      0.94          0          0          0
      0.95          0          0          0
      0.96          0          0          0
      0.97          0          0          0
      0.98          0          0          0
      0.99          0          0          0
