         0          1   0.242084   0.389803
      0.01   0.993007   0.250672   0.400294
      0.02   0.993007   0.250689   0.400316
      0.03   0.993007   0.250775   0.400427
      0.04   0.993007   0.251773   0.401698
      0.05   0.993007   0.253626   0.404052
      0.06   0.993007   0.260057   0.412171
      0.07   0.992947   0.266032   0.419634
      0.08   0.992648   0.278104   0.434482
      0.09   0.992648   0.288452   0.447008
       0.1   0.992409   0.305228   0.466866
      0.11    0.99211   0.322407   0.486663
      0.12   0.990198   0.334788   0.500393
      0.13   0.986134   0.354179   0.521173
      0.14   0.982607   0.366832   0.534225
      0.15   0.977826   0.387211   0.554747
      0.16   0.972865   0.399565   0.566474
      0.17   0.954217   0.416397   0.579788
      0.18   0.940948   0.429144   0.589453
      0.19   0.919551   0.449552   0.603879
       0.2   0.897735    0.46166   0.609754
      0.21   0.874186   0.475286   0.615779
      0.22   0.849023   0.488242   0.619965
      0.23   0.837906   0.496863   0.623815
      0.24   0.814237   0.507566   0.625327
      0.25   0.796844     0.5145   0.625276
      0.26   0.770068    0.52534   0.624587
      0.27   0.747355   0.528497   0.619155
      0.28   0.704082   0.535425   0.608279
      0.29   0.682326   0.540653   0.603284
       0.3   0.642699   0.542982   0.588648
      0.31   0.602833   0.541226   0.570371
      0.32   0.573845   0.546141    0.55965
      0.33   0.538999   0.548989   0.543948
      0.34   0.518977   0.553446   0.535657
      0.35   0.487658   0.561131   0.521821
      0.36   0.472954   0.565452   0.515084
      0.37   0.444803   0.567981   0.498901
      0.38   0.425916   0.568901   0.487133
      0.39   0.403204   0.566644   0.471152
       0.4   0.379595   0.567812   0.455007
      0.41   0.342896   0.564274   0.426574
      0.42    0.32114   0.569318   0.410645
      0.43   0.306079   0.573755   0.399199
      0.44   0.288805   0.584194   0.386526
      0.45    0.27452   0.592984   0.375298
      0.46   0.254557   0.617276   0.360464
      0.47    0.24081   0.635989   0.349345
      0.48   0.228916   0.675549   0.341957
      0.49   0.214871   0.703259   0.329169
       0.5   0.206204   0.735238   0.322078
      0.51   0.193892    0.75983   0.308947
      0.52   0.185524   0.774376   0.299334
      0.53   0.165202   0.807843   0.274309
      0.54   0.154265    0.83815    0.26057
      0.55   0.132867   0.861775   0.230237
      0.56   0.112904    0.88425   0.200241
      0.57   0.102445   0.915966   0.184279
      0.58  0.0997549   0.935268   0.180281
      0.59  0.0910286   0.953964   0.166198
       0.6  0.0854103   0.958564   0.156845
      0.61  0.0770426   0.963333   0.142675
      0.62  0.0571992   0.974684   0.108057
      0.63  0.0445281   0.985915  0.0852079
      0.64  0.0410615   0.994709  0.0788674
      0.65  0.0391489   0.994253  0.0753316
      0.66  0.0324547   0.992308  0.0628537
      0.67  0.0249238          1  0.0486354
      0.68   0.020979          1  0.0410959
      0.69  0.0159584          1  0.0314155
       0.7  0.0150619          1  0.0296767
      0.71  0.0114159          1  0.0225742
      0.72 0.00920447          1   0.018241
      0.73 0.00484131          1 0.00963597
      0.74 0.00460224          1  0.0091623
      0.75 0.00442293          1  0.0088069
      0.76 0.00412408          1 0.00821429
      0.77 0.00412408          1 0.00821429
      0.78 0.00346662          1 0.00690929
      0.79 0.00286893          1 0.00572144
       0.8 0.00268962          1 0.00536481
      0.81 0.00209193          1 0.00417512
      0.82          0          0          0
      0.83          0          0          0
      0.84          0          0          0
      0.85          0          0          0
      0.86          0          0          0
      0.87          0          0          0
      0.88          0          0          0
      0.89          0          0          0
       0.9          0          0          0
      0.91          0          0          0
      0.92          0          0          0
      0.93          0          0          0
      0.94          0          0          0
      0.95          0          0          0
      0.96          0          0          0
      0.97          0          0          0
      0.98          0          0          0
      0.99          0          0          0
