         0          1   0.384732   0.555677
      0.01   0.868985   0.438535   0.582906
      0.02   0.868985   0.438594   0.582958
      0.03   0.868985   0.438751   0.583097
      0.04   0.868985   0.439727   0.583957
      0.05   0.868985   0.441054   0.585127
      0.06   0.868412   0.445207   0.588638
      0.07   0.867381   0.450452   0.592963
      0.08   0.865319    0.46178   0.602196
      0.09   0.863829    0.47195   0.610407
       0.1   0.853116    0.48751    0.62046
      0.11   0.843378   0.505294   0.631961
      0.12   0.835816   0.516548   0.638495
      0.13   0.816224   0.535978    0.64706
      0.14   0.802647   0.548422   0.651616
      0.15   0.764207   0.568785   0.652171
      0.16   0.743412   0.581758   0.652725
      0.17   0.703025    0.59913   0.646933
      0.18   0.676386   0.607998   0.640372
      0.19   0.638462   0.620304   0.629252
       0.2   0.611652   0.631848   0.621586
      0.21   0.570635   0.648792   0.607209
      0.22   0.532367   0.655976   0.587743
      0.23   0.497308   0.658331   0.566601
      0.24    0.45629   0.667499   0.542047
      0.25   0.428277   0.670637   0.522731
      0.26   0.384338   0.675306   0.489873
      0.27   0.366006   0.670682   0.473573
      0.28   0.331176   0.661868    0.44146
      0.29   0.303506   0.657539   0.415312
       0.3   0.269478   0.653604   0.381617
      0.31   0.239574   0.640445   0.348706
      0.32   0.217633   0.634294   0.324073
      0.33   0.198728   0.625519   0.301629
      0.34   0.189104   0.625212   0.290379
      0.35   0.165731   0.614786   0.261081
      0.36   0.157768   0.616028   0.251202
      0.37   0.143504   0.622938    0.23327
      0.38   0.136629   0.637229   0.225013
      0.39    0.12964   0.650097   0.216172
       0.4   0.124714    0.65762   0.209665
      0.41   0.117152   0.688702   0.200241
      0.42   0.113886   0.717158   0.196559
      0.43   0.109132    0.71137   0.189233
      0.44   0.101913   0.732113    0.17892
      0.45  0.0997938   0.749097   0.176124
      0.46  0.0957264   0.772152   0.170336
      0.47  0.0913153   0.770975    0.16329
      0.48  0.0869615    0.76378   0.156145
      0.49  0.0816911   0.750725   0.147348
       0.5  0.0732699   0.760135   0.133657
      0.51  0.0668538   0.779923   0.123151
      0.52  0.0562557   0.785088   0.104988
      0.53  0.0487511   0.774359  0.0917274
      0.54  0.0478346   0.777174  0.0901222
      0.55  0.0441109   0.826923  0.0837541
      0.56  0.0413611   0.818792  0.0787445
      0.57  0.0372938      0.832  0.0713876
      0.58  0.0360907   0.849558    0.06924
      0.59   0.033742   0.851064  0.0649105
       0.6  0.0300756   0.829268   0.058046
      0.61  0.0253208   0.848485  0.0491741
      0.62  0.0167278   0.829787  0.0327944
      0.63  0.0150092   0.846154  0.0294951
      0.64  0.0103689   0.833333   0.020483
      0.65  0.0091659   0.833333  0.0181324
      0.66 0.00739001          1  0.0146716
      0.67 0.00292163          1 0.00582624
      0.68 0.00240605          1 0.00480055
      0.69 0.00200504          1 0.00400206
       0.7          0          0          0
      0.71          0          0          0
      0.72          0          0          0
      0.73          0          0          0
      0.74          0          0          0
      0.75          0          0          0
      0.76          0          0          0
      0.77          0          0          0
      0.78          0          0          0
      0.79          0          0          0
       0.8          0          0          0
      0.81          0          0          0
      0.82          0          0          0
      0.83          0          0          0
      0.84          0          0          0
      0.85          0          0          0
      0.86          0          0          0
      0.87          0          0          0
      0.88          0          0          0
      0.89          0          0          0
       0.9          0          0          0
      0.91          0          0          0
      0.92          0          0          0
      0.93          0          0          0
      0.94          0          0          0
      0.95          0          0          0
      0.96          0          0          0
      0.97          0          0          0
      0.98          0          0          0
      0.99          0          0          0
