         0          1   0.289124   0.448559
      0.01   0.972944   0.382411   0.549029
      0.02   0.972944   0.382634   0.549259
      0.03   0.972944   0.383438   0.550087
      0.04   0.972944   0.385864   0.552578
      0.05   0.972944   0.389615   0.556414
      0.06   0.972944   0.397812   0.564723
      0.07   0.972799   0.403864   0.570769
      0.08   0.972168   0.414612   0.581307
      0.09   0.971829   0.423506   0.589931
       0.1   0.970665   0.440727   0.606208
      0.11   0.968338    0.46036   0.624043
      0.12   0.966398   0.473314   0.635419
      0.13   0.963101   0.491244   0.650626
      0.14   0.960968   0.501653    0.65919
      0.15   0.954034   0.517292   0.670843
      0.16   0.951173   0.528636    0.67958
      0.17   0.944385   0.546189   0.692099
      0.18   0.940846   0.557757   0.700337
      0.19   0.931972   0.569092   0.706669
       0.2   0.918832    0.57453    0.70699
      0.21    0.89871   0.584085   0.708018
      0.22   0.879218   0.595557   0.710107
      0.23    0.86763    0.60332   0.711729
      0.24    0.84809   0.610966    0.71026
      0.25   0.829567   0.617615    0.70807
      0.26   0.813615   0.629993   0.710126
      0.27   0.798778   0.635962   0.708132
      0.28   0.775116   0.646132   0.704771
      0.29   0.763867   0.654672   0.705067
       0.3     0.7484   0.666894     0.7053
      0.31    0.73269   0.674656   0.702476
      0.32   0.722605    0.68242   0.701938
      0.33   0.707525    0.69572   0.701573
      0.34   0.693658   0.702204   0.697905
      0.35   0.679548   0.716614   0.697589
      0.36   0.668735   0.726096   0.696237
      0.37   0.656905   0.742278   0.696986
      0.38   0.641534   0.750663   0.691822
      0.39   0.608757   0.760744   0.676317
       0.4   0.589944   0.771691   0.668688
      0.41    0.55319   0.781315   0.647755
      0.42    0.53302   0.791654   0.637088
      0.43   0.523177   0.794654   0.630953
      0.44   0.501503   0.801386   0.616933
      0.45   0.488363   0.805766   0.608141
      0.46    0.46892   0.809049   0.593722
      0.47   0.454034    0.81428   0.582996
      0.48   0.432215   0.819574   0.565962
      0.49   0.421354    0.82165   0.557046
       0.5   0.405789    0.83444   0.546039
      0.51   0.383194   0.850539    0.52835
      0.52   0.373982   0.853412   0.520062
      0.53   0.346587   0.864456   0.494795
      0.54   0.329228    0.87081    0.47781
      0.55   0.307894   0.883014   0.456584
      0.56   0.286559   0.887864   0.433278
      0.57    0.24937   0.890488   0.389629
      0.58   0.233369    0.89966   0.370604
      0.59   0.208737   0.899335   0.338831
       0.6     0.1939   0.900513   0.319093
      0.61   0.163062   0.897647    0.27599
      0.62   0.136734   0.891219   0.237092
      0.63   0.125873   0.890603   0.220571
      0.64   0.111908    0.89441   0.198927
      0.65   0.103423   0.897059   0.185464
      0.66  0.0955198   0.905759   0.172815
      0.67  0.0934348   0.910072   0.169471
      0.68  0.0913984   0.914286   0.166184
      0.69  0.0872285   0.912955   0.159242
       0.7  0.0817009   0.909692   0.149936
      0.71  0.0754461   0.900249   0.139224
      0.72  0.0663305    0.88024   0.123365
      0.73  0.0596393    0.87372   0.111657
      0.74    0.05673   0.866906   0.106491
      0.75  0.0551784   0.873077   0.103797
      0.76  0.0534814   0.869565   0.100765
      0.77  0.0505721    0.86383  0.0955504
      0.78   0.049263   0.866667  0.0932268
      0.79   0.047469   0.858537  0.0899638
       0.8  0.0462083   0.852041  0.0876624
      0.81  0.0423778   0.842697  0.0806975
      0.82  0.0373351   0.819355  0.0714161
      0.83  0.0335531    0.80303  0.0644148
      0.84  0.0254558   0.780702  0.0493039
      0.85  0.0234678   0.759615   0.045529
      0.86  0.0204616   0.719101   0.039791
      0.87  0.0183766   0.692308  0.0358029
      0.88  0.0125097   0.596154  0.0245052
      0.89 0.00843677   0.543478  0.0166156
       0.9 0.00329713   0.296296 0.00652169
      0.91 0.00261831   0.227273 0.00517698
      0.92 0.00261831   0.227273 0.00517698
      0.93 0.00252133   0.210526 0.00498299
      0.94 0.000581846   0.153846 0.00115931
      0.95 0.000581846   0.285714 0.00116133
      0.96 0.000581846   0.285714 0.00116133
      0.97 0.000581846        0.4   0.001162
      0.98 0.000290923       0.25 0.00058117
      0.99          0          0          0
