         0          1   0.108911   0.196429
      0.01    0.98404   0.190218    0.31881
      0.02    0.98404   0.190218    0.31881
      0.03    0.98404   0.190259   0.318866
      0.04    0.98404   0.190431   0.319108
      0.05    0.98404   0.190987   0.319888
      0.06    0.98404    0.19221   0.321603
      0.07    0.98404   0.193443   0.323327
      0.08   0.983906   0.195103   0.325635
      0.09   0.983906   0.196494   0.327569
       0.1   0.983503   0.199025   0.331056
      0.11   0.980821   0.200885   0.333471
      0.12   0.975456   0.202921   0.335955
      0.13   0.969555   0.206086   0.339919
      0.14   0.962715   0.207534   0.341459
      0.15   0.948095   0.207287   0.340195
      0.16   0.927039   0.206368   0.337586
      0.17   0.881035   0.206086   0.334036
      0.18     0.8522   0.205135   0.330673
      0.19   0.797613   0.203633   0.324436
       0.2   0.764217   0.204398   0.322532
      0.21   0.700107    0.20472   0.316803
      0.22   0.625939   0.204795   0.308617
      0.23   0.599517    0.20708   0.307832
      0.24   0.546137   0.205546    0.29868
      0.25    0.50228    0.20488   0.291043
      0.26   0.445681   0.204139   0.280019
      0.27   0.406652   0.204528   0.272167
      0.28    0.35287   0.205265    0.25955
      0.29   0.325107   0.206372   0.252476
       0.3   0.276556   0.196811   0.229966
      0.31   0.224249   0.187688   0.204346
      0.32   0.197157   0.183445   0.190054
      0.33    0.16081   0.165079   0.162917
      0.34   0.141094   0.159471   0.149721
      0.35   0.122049   0.150897   0.134949
      0.36   0.110113   0.147717   0.126173
      0.37  0.0956277   0.135394   0.112088
      0.38  0.0764485   0.111241    0.09062
      0.39  0.0519045  0.0918499  0.0663273
       0.4  0.0305794  0.0849858  0.0449757
      0.41  0.0292382  0.0820433  0.0431123
      0.42   0.027897   0.077686  0.0410522
      0.43  0.0232028  0.0694444  0.0347837
      0.44  0.0209227  0.0657895  0.0317486
      0.45  0.0177039   0.059761  0.0273156
      0.46  0.0150215  0.0526316  0.0233723
      0.47  0.0146191  0.0534884  0.0229623
      0.48  0.0115343   0.052356   0.018904
      0.49  0.0105955  0.0498615  0.0174771
       0.5  0.0101931  0.0519878  0.0170444
      0.51  0.0101931  0.0576271  0.0173223
      0.52  0.0101931  0.0561798  0.0172555
      0.53 0.00952253  0.0585774   0.016382
      0.54 0.00710837  0.0506912  0.0124683
      0.55 0.00549893  0.0454545 0.00981096
      0.56 0.00549893   0.048913  0.0098864
      0.57 0.00482833  0.0487805 0.00878692
      0.58 0.00482833  0.0533333   0.008855
      0.59 0.00469421  0.0551181 0.00865159
       0.6 0.00187768  0.0512821 0.00362272
      0.61 0.00107296  0.0520833 0.00210261
      0.62 0.00107296  0.0657895 0.00211149
      0.63 0.00107296  0.0833333 0.00211864
      0.64 0.000938841  0.0769231 0.00185504
      0.65 0.000938841  0.0888889 0.00185806
      0.66 0.000938841   0.114286 0.00186238
      0.67 0.000938841   0.148148 0.00186586
      0.68 0.000938841   0.190476 0.00186847
      0.69 0.000804721     0.1875 0.00160256
       0.7 0.000804721   0.230769 0.00160385
      0.71 0.000804721   0.222222 0.00160363
      0.72 0.000804721          1 0.00160815
      0.73          0          0          0
      0.74          0          0          0
      0.75          0          0          0
      0.76          0          0          0
      0.77          0          0          0
      0.78          0          0          0
      0.79          0          0          0
       0.8          0          0          0
      0.81          0          0          0
      0.82          0          0          0
      0.83          0          0          0
      0.84          0          0          0
      0.85          0          0          0
      0.86          0          0          0
      0.87          0          0          0
      0.88          0          0          0
      0.89          0          0          0
       0.9          0          0          0
      0.91          0          0          0
      0.92          0          0          0
      0.93          0          0          0
      0.94          0          0          0
      0.95          0          0          0
      0.96          0          0          0
      0.97          0          0          0
      0.98          0          0          0
      0.99          0          0          0
