         0          1   0.308236   0.471224
      0.01   0.892203    0.44964   0.597939
      0.02   0.892203   0.449666   0.597962
      0.03   0.892203   0.449795   0.598077
      0.04   0.892203   0.450745   0.598915
      0.05   0.892203   0.452469   0.600435
      0.06   0.892203   0.456669   0.604122
      0.07   0.892203   0.460104    0.60712
      0.08   0.891801   0.466203   0.612311
      0.09   0.890946   0.470899   0.616143
       0.1   0.888783    0.47833    0.62194
      0.11   0.887777   0.484194   0.626626
      0.12   0.886217   0.487218   0.628761
      0.13   0.884004   0.492202    0.63233
      0.14   0.882193   0.495872   0.634883
      0.15   0.879276   0.501418   0.638642
      0.16   0.877364   0.505291   0.641265
      0.17   0.871781   0.509976    0.64351
      0.18   0.866549   0.513921   0.645198
      0.19   0.861469   0.522246   0.650276
       0.2   0.853471   0.527267   0.651835
      0.21   0.842254   0.536314   0.655336
      0.22   0.828169   0.548888   0.660208
      0.23    0.81841   0.557567   0.663264
      0.24   0.798843   0.572658     0.6671
      0.25   0.787425   0.585402   0.671549
      0.26   0.762525   0.600903   0.672135
      0.27   0.740392   0.608684   0.668109
      0.28   0.717757   0.620645   0.665678
      0.29   0.703521   0.629462   0.664434
       0.3   0.679225   0.643627   0.660947
      0.31   0.647082   0.653765   0.650406
      0.32   0.634859   0.662682   0.648472
      0.33   0.612223   0.677577   0.643244
      0.34   0.603018   0.684493   0.641178
      0.35   0.586217   0.693499   0.635361
      0.36   0.572736   0.696326   0.628513
      0.37   0.548239   0.699588   0.614735
      0.38   0.524698   0.704458   0.601434
      0.39   0.493461   0.718333   0.585032
       0.4   0.466901   0.725483   0.568154
      0.41   0.437223    0.73932   0.549487
      0.42   0.403119   0.750891   0.524603
      0.43   0.375503   0.752062   0.500905
      0.44   0.342153   0.747409   0.469415
      0.45   0.312475    0.74673   0.440584
      0.46   0.277264   0.742289   0.403726
      0.47   0.262173   0.740545   0.387249
      0.48   0.231237   0.737445   0.352076
      0.49   0.212726   0.733141   0.329768
       0.5   0.194668   0.742475   0.308461
      0.51   0.165996   0.735948   0.270891
      0.52   0.148441   0.739259   0.247237
      0.53   0.129376   0.711986   0.218964
      0.54   0.109004   0.689379   0.188243
      0.55  0.0885815   0.671395   0.156513
      0.56  0.0763078    0.66838   0.136977
      0.57  0.0717304   0.686957   0.129897
      0.58  0.0687123       0.68   0.124813
      0.59  0.0633803   0.694245   0.116156
       0.6  0.0522636   0.676724  0.0970333
      0.61  0.0462777   0.673575  0.0866052
      0.62  0.0400905   0.679012  0.0757109
      0.63  0.0310865   0.661765  0.0593835
      0.64   0.026006    0.64486  0.0499958
      0.65  0.0220322   0.659091   0.042639
      0.66  0.0171026   0.594203  0.0332483
      0.67  0.0151408   0.525424  0.0294335
      0.68 0.00699195   0.465116  0.0137768
      0.69 0.00628773   0.405405  0.0123834
       0.7 0.00492958   0.290323 0.00969454
      0.71          0          0          0
      0.72          0          0          0
      0.73          0          0          0
      0.74          0          0          0
      0.75          0          0          0
      0.76          0          0          0
      0.77          0          0          0
      0.78          0          0          0
      0.79          0          0          0
       0.8          0          0          0
      0.81          0          0          0
      0.82          0          0          0
      0.83          0          0          0
      0.84          0          0          0
      0.85          0          0          0
      0.86          0          0          0
      0.87          0          0          0
      0.88          0          0          0
      0.89          0          0          0
       0.9          0          0          0
      0.91          0          0          0
      0.92          0          0          0
      0.93          0          0          0
      0.94          0          0          0
      0.95          0          0          0
      0.96          0          0          0
      0.97          0          0          0
      0.98          0          0          0
      0.99          0          0          0
