         0          1   0.363236   0.532903
      0.01     0.9721   0.345124   0.509397
      0.02     0.9721   0.345632    0.50995
      0.03     0.9721     0.3481   0.512631
      0.04   0.970809    0.35539   0.520308
      0.05   0.969775   0.363317   0.528599
      0.06   0.960691   0.381899   0.546536
      0.07   0.949712   0.400765    0.56367
      0.08   0.920219   0.434489   0.590274
      0.09   0.890123   0.461837   0.608142
       0.1   0.849221   0.506148   0.634265
      0.11   0.810686   0.548284   0.654151
      0.12   0.780031   0.570445   0.658975
      0.13   0.721777   0.587453   0.647724
      0.14   0.673383   0.591468   0.629773
      0.15   0.598123   0.591984   0.595038
      0.16   0.557436   0.588985   0.572776
      0.17   0.510333   0.579113   0.542552
      0.18   0.488375   0.571882    0.52684
      0.19    0.45406   0.560483    0.50169
       0.2   0.429734   0.554471   0.484198
      0.21   0.410273   0.543938   0.467744
      0.22   0.388616   0.536778   0.450836
      0.23   0.376862   0.536202   0.442629
      0.24   0.364678   0.534442   0.433533
      0.25   0.358564   0.534034   0.429051
      0.26   0.347929    0.53638   0.422075
      0.27   0.344011      0.539   0.419977
      0.28   0.336218   0.539966   0.414402
      0.29   0.333333   0.542086    0.41282
       0.3   0.328769   0.547716   0.410896
      0.31   0.322483   0.554125   0.407699
      0.32    0.31891   0.557381   0.405697
      0.33   0.314174   0.561841   0.402997
      0.34   0.312064   0.565451   0.402174
      0.35   0.311246   0.572259   0.403197
      0.36   0.310213     0.5746   0.402906
      0.37   0.305347   0.580961   0.400301
      0.38   0.301903    0.58509    0.39829
      0.39   0.298329   0.590983   0.396503
       0.4   0.295531   0.595554   0.395034
      0.41   0.290881   0.597313   0.391237
      0.42   0.288384   0.606158   0.390828
      0.43   0.287006   0.608839   0.390113
      0.44   0.283389   0.609488   0.386889
      0.45   0.281366   0.609879   0.385077
      0.46   0.278869   0.617229   0.384167
      0.47   0.276673   0.617907   0.382208
      0.48   0.268707   0.617257    0.37442
      0.49    0.26212   0.614458   0.367478
       0.5   0.248213   0.605473   0.352088
      0.51   0.226126   0.591729    0.32721
      0.52   0.212348   0.581899   0.311151
      0.53   0.192198   0.554749   0.285487
      0.54   0.178765   0.538312   0.268399
      0.55    0.14854   0.506128   0.229675
      0.56   0.127659   0.483796   0.202013
      0.57   0.102041   0.464041   0.167294
      0.58  0.0931284   0.451439   0.154404
      0.59  0.0836562   0.434198   0.140284
       0.6  0.0774132   0.420363   0.130748
      0.61  0.0700508   0.409626   0.119642
      0.62  0.0641522   0.404157   0.110728
      0.63   0.058512   0.392901   0.101855
      0.64  0.0576509   0.396053   0.100651
      0.65  0.0545079   0.394587  0.0957842
      0.66  0.0516232   0.394231   0.091292
      0.67  0.0497288   0.390706  0.0882279
      0.68  0.0449066   0.370229  0.0800978
      0.69  0.0439594   0.371901  0.0786251
       0.7  0.0396538   0.370732  0.0716445
      0.71  0.0363816   0.381657  0.0664307
      0.72  0.0333678   0.382838  0.0613853
      0.73  0.0322053   0.396226  0.0595688
      0.74  0.0276845   0.389831  0.0516976
      0.75   0.026522   0.406091  0.0497921
      0.76  0.0258331   0.439306  0.0487968
      0.77  0.0239817   0.469799   0.045634
      0.78  0.0229054        0.5   0.043804
      0.79   0.021054   0.509434  0.0404368
       0.8  0.0198915   0.551724  0.0383986
      0.81  0.0190735   0.634921  0.0370344
      0.82  0.0173943   0.767442  0.0340176
      0.83  0.0166193   0.794872  0.0325579
      0.84   0.011711   0.846154  0.0231023
      0.85 0.00736244          1  0.0146173
      0.86 0.00589856          1  0.0117279
      0.87 0.00279859          1 0.00558156
      0.88 0.00116249          1 0.00232228
      0.89 0.00116249          1 0.00232228
       0.9          0          0          0
      0.91          0          0          0
      0.92          0          0          0
      0.93          0          0          0
      0.94          0          0          0
      0.95          0          0          0
      0.96          0          0          0
      0.97          0          0          0
      0.98          0          0          0
      0.99          0          0          0
