         0          1   0.164811   0.282983
      0.01    0.98571   0.177585    0.30095
      0.02    0.98571   0.177627   0.301012
      0.03    0.98571   0.177836   0.301311
      0.04    0.98571   0.179058   0.303063
      0.05    0.98571   0.180352   0.304915
      0.06    0.98571   0.182934   0.308597
      0.07    0.98571   0.185727   0.312561
      0.08    0.98552   0.191373   0.320508
      0.09   0.985043   0.195736   0.326579
       0.1   0.981804   0.204859   0.338987
      0.11   0.973421   0.216328   0.353988
      0.12   0.967896   0.224358   0.364277
      0.13   0.957321   0.237154   0.380138
      0.14   0.943031   0.247051   0.391531
      0.15   0.920835   0.262084   0.408034
      0.16   0.907402   0.273058   0.419791
      0.17   0.879299    0.28992   0.436063
      0.18   0.867962   0.300176    0.44608
      0.19   0.839002   0.318515   0.461737
       0.2   0.827475   0.330358   0.472198
      0.21   0.791274   0.348388   0.483776
      0.22   0.746404   0.360175   0.485887
      0.23   0.717443    0.36591   0.484643
      0.24   0.658569   0.374385   0.477385
      0.25   0.628561   0.378878   0.472779
      0.26   0.587215   0.383596   0.464052
      0.27   0.555873   0.382006   0.452823
      0.28   0.504049   0.366429    0.42436
      0.29   0.459941   0.352192   0.398919
       0.3   0.378489   0.338416   0.357332
      0.31   0.341621   0.324156   0.332659
      0.32   0.311137   0.314364   0.312742
      0.33   0.274364   0.305099   0.288917
      0.34   0.261694   0.298903   0.279064
      0.35   0.238354   0.286212     0.2601
      0.36    0.22635   0.278307   0.249654
      0.37   0.211775   0.261246   0.233923
      0.38   0.194055   0.249236   0.218211
      0.39   0.172525   0.221405   0.193933
       0.4   0.153091   0.201828   0.174114
      0.41   0.126608    0.16654   0.143854
      0.42  0.0852625    0.12782   0.102291
      0.43  0.0684958   0.117077  0.0864274
      0.44  0.0525865   0.099142  0.0687218
      0.45  0.0454416  0.0912738  0.0606753
      0.46  0.0315328  0.0884861  0.0464963
      0.47  0.0244832  0.0822222  0.0377312
      0.48  0.0176241  0.0816803  0.0289925
      0.49  0.0165762  0.0797546  0.0274476
       0.5 0.00695437  0.0748031  0.0127256
      0.51 0.00628751  0.0750708  0.0116032
      0.52 0.00590645  0.0754438  0.0109552
      0.53 0.00581118  0.0726698  0.0107618
      0.54 0.00581118  0.0755337  0.0107921
      0.55 0.00571592  0.0759931  0.0106321
      0.56 0.00571592  0.0791367  0.0106618
      0.57 0.00571592  0.0803922   0.010673
      0.58 0.00571592  0.0783505  0.0106546
      0.59 0.00562065  0.0792541  0.0104969
       0.6 0.00523959  0.0749354 0.00979435
      0.61 0.00523959  0.0758427 0.00980201
      0.62 0.00504906  0.0759494 0.00946865
      0.63 0.00476327  0.0680272 0.00890313
      0.64 0.00371535  0.0691057 0.00705158
      0.65 0.00371535  0.0730594  0.0070711
      0.66 0.00304849  0.0718232 0.00584873
      0.67 0.00304849  0.0807453 0.00587517
      0.68  0.0024769  0.0793651 0.00480387
      0.69  0.0024769  0.0877193 0.00481776
       0.7 0.00228637  0.0808081 0.00444691
      0.71 0.00123845       0.05 0.00241703
      0.72 0.00123845  0.0571429 0.00242436
      0.73 0.00123845  0.0689655  0.0024332
      0.74 0.00123845  0.0681818 0.00243271
      0.75          0          0          0
      0.76          0          0          0
      0.77          0          0          0
      0.78          0          0          0
      0.79          0          0          0
       0.8          0          0          0
      0.81          0          0          0
      0.82          0          0          0
      0.83          0          0          0
      0.84          0          0          0
      0.85          0          0          0
      0.86          0          0          0
      0.87          0          0          0
      0.88          0          0          0
      0.89          0          0          0
       0.9          0          0          0
      0.91          0          0          0
      0.92          0          0          0
      0.93          0          0          0
      0.94          0          0          0
      0.95          0          0          0
      0.96          0          0          0
      0.97          0          0          0
      0.98          0          0          0
      0.99          0          0          0
