         0          1   0.317058   0.481463
      0.01    0.96828   0.374368   0.539967
      0.02    0.96828   0.374368   0.539967
      0.03    0.96828   0.374437   0.540039
      0.04   0.968231   0.374724    0.54033
      0.05   0.968231   0.375612   0.541252
      0.06   0.968231   0.378227   0.543963
      0.07   0.968231   0.380464   0.546272
      0.08   0.968231   0.383827    0.54973
      0.09   0.967938   0.386429   0.552346
       0.1   0.967889   0.391362   0.557358
      0.11   0.967106   0.395126   0.561033
      0.12   0.965931   0.397871   0.563595
      0.13   0.964707   0.401559   0.567074
      0.14   0.962211   0.405028   0.570086
      0.15   0.956826   0.408606   0.572661
      0.16   0.950707   0.409737   0.572665
      0.17   0.934113   0.411853    0.57166
      0.18   0.924274   0.413186   0.571078
      0.19   0.905722   0.415449   0.569618
       0.2   0.889422   0.417791   0.568527
      0.21    0.87087   0.421581   0.568133
      0.22     0.8485   0.424723   0.566087
      0.23   0.832885   0.429105   0.566399
      0.24   0.811738   0.433286   0.564993
      0.25   0.797445   0.435039    0.56296
      0.26   0.769445   0.439644   0.559565
      0.27   0.747026   0.442147   0.555504
      0.28   0.719859   0.449121   0.553138
      0.29   0.701209   0.452596   0.550118
       0.3   0.670958   0.453082   0.540904
      0.31   0.648441   0.455693   0.535243
      0.32   0.628225   0.456231   0.528588
      0.33   0.586323   0.453401   0.511365
      0.34    0.56968   0.456358   0.506761
      0.35   0.529394   0.464028    0.49456
      0.36   0.508199   0.470782   0.488776
      0.37   0.478878   0.474311   0.476583
      0.38   0.466151    0.47631   0.471176
      0.39   0.439131   0.481044   0.459133
       0.4    0.42655   0.482305   0.452718
      0.41   0.402516   0.480912   0.438236
      0.42   0.373684   0.481806   0.420913
      0.43   0.361594   0.483391   0.413714
      0.44   0.336629   0.483822   0.397022
      0.45   0.329678    0.48288   0.391837
      0.46   0.309021   0.482568   0.376771
      0.47   0.294875   0.480853    0.36557
      0.48   0.280728   0.479969   0.354256
      0.49   0.273924    0.48287   0.349553
       0.5   0.251016   0.474348   0.328301
      0.51   0.239366   0.473708    0.31803
      0.52   0.227422   0.472745   0.307105
      0.53    0.21445   0.475115   0.295515
      0.54   0.206471   0.476369   0.288081
      0.55   0.193108   0.473776    0.27438
      0.56   0.183318   0.469189   0.263632
      0.57   0.178521   0.479896   0.260235
      0.58   0.175486    0.47861    0.25681
      0.59     0.1725   0.483669   0.254303
       0.6    0.16785   0.484848    0.24937
      0.61   0.160556   0.486631    0.24145
      0.62   0.156934   0.491922   0.237955
      0.63    0.15385   0.496633   0.234924
      0.64   0.148221   0.498195   0.228468
      0.65   0.143766   0.504673   0.223783
      0.66    0.13427   0.510617   0.212628
      0.67   0.127711   0.513369   0.204538
      0.68   0.116305   0.519481   0.190059
      0.69   0.113319   0.516524   0.185863
       0.7   0.108914   0.518024   0.179986
      0.71   0.102159   0.511834   0.170322
      0.72  0.0926134   0.496764   0.156121
      0.73  0.0829703   0.476868   0.141348
      0.74  0.0761173   0.473786   0.131162
      0.75  0.0706349   0.467391   0.122723
      0.76  0.0668168   0.469194   0.116975
      0.77   0.063635   0.470284   0.112101
      0.78   0.058789   0.464286   0.104363
      0.79  0.0530129   0.459627  0.0950615
       0.8  0.0506633   0.451299  0.0910996
      0.81  0.0480689   0.435714  0.0865855
      0.82  0.0405306   0.419087   0.073913
      0.83  0.0345098   0.406393  0.0636173
      0.84  0.0304959   0.405263  0.0567233
      0.85  0.0267757    0.41954  0.0503386
      0.86  0.0260904   0.460526   0.049383
      0.87  0.0242792   0.463235  0.0461401
      0.88  0.0228597   0.509434  0.0437559
      0.89  0.0219296   0.521277  0.0420886
       0.9  0.0177199   0.439394   0.034066
      0.91  0.0106222   0.238095   0.020337
      0.92 0.00220275  0.0322581  0.0041239
      0.93          0          0          0
      0.94          0          0          0
      0.95          0          0          0
      0.96          0          0          0
      0.97          0          0          0
      0.98          0          0          0
      0.99          0          0          0
