         0          1   0.273534   0.429567
      0.01   0.979184   0.368114   0.535073
      0.02   0.979184   0.368135   0.535095
      0.03   0.979184   0.368239   0.535205
      0.04   0.979184   0.368842   0.535841
      0.05   0.979184   0.369423   0.536455
      0.06   0.978845   0.371069   0.538137
      0.07   0.978797   0.372644   0.539783
      0.08   0.978797   0.376134   0.543435
      0.09   0.978119    0.37822   0.545504
       0.1    0.97807   0.382049   0.549467
      0.11   0.977538   0.386476   0.553946
      0.12   0.977296   0.389277   0.556778
      0.13   0.973907   0.394355   0.561391
      0.14   0.968873    0.39748   0.563702
      0.15   0.964855   0.403385   0.568918
      0.16    0.96195    0.40751   0.572494
      0.17   0.951058    0.41192   0.574859
      0.18   0.949557   0.415827   0.578374
      0.19   0.944571   0.422457   0.583807
       0.2   0.941037   0.426985    0.58743
      0.21   0.935034   0.434583   0.593378
      0.22    0.92908   0.443493   0.600391
      0.23   0.925933   0.447676   0.603546
      0.24   0.915719   0.453025   0.606167
      0.25   0.910781   0.457816    0.60934
      0.26   0.903229   0.465273   0.614173
      0.27   0.899114   0.470264   0.617537
      0.28   0.888077   0.477119   0.620744
      0.29   0.878782   0.480619   0.621391
       0.3   0.863485   0.487781   0.623403
      0.31   0.840199   0.495533   0.623398
      0.32   0.823256   0.499297     0.6216
      0.33   0.806071   0.503563   0.619879
      0.34   0.788691   0.506952    0.61719
      0.35   0.759258   0.509754   0.609978
      0.36   0.744348   0.513163   0.607505
      0.37   0.717045   0.517429   0.601098
      0.38   0.701312   0.520147   0.597294
      0.39   0.679624   0.527003   0.593661
       0.4   0.668587   0.530595   0.591652
      0.41   0.648158   0.532398   0.584603
      0.42   0.615143    0.53253   0.570863
      0.43   0.581498   0.526444   0.552603
      0.44   0.544464   0.522159   0.533078
      0.45   0.512901   0.520819    0.51683
      0.46   0.462942   0.515972   0.488021
      0.47   0.442223   0.518977   0.477536
      0.48   0.416663   0.522982   0.463807
      0.49   0.383454    0.52577   0.443474
       0.5   0.357506   0.531821    0.42758
      0.51   0.342257   0.544235   0.420237
      0.52    0.33606   0.555808   0.418862
      0.53   0.331752   0.566481   0.418446
      0.54   0.326766   0.576875   0.417208
      0.55   0.322796   0.589418   0.417143
      0.56   0.318342   0.599181   0.415782
      0.57   0.311517   0.611005   0.412648
      0.58   0.309483   0.619352    0.41273
      0.59   0.306143   0.640041   0.414178
       0.6   0.303626   0.652337   0.414381
      0.61   0.296897    0.67851   0.413053
      0.62   0.293363   0.689881   0.411669
      0.63   0.288474   0.700802   0.408709
      0.64   0.286344   0.716933   0.409237
      0.65   0.283681   0.729497   0.408506
      0.66   0.279905   0.738739   0.405984
      0.67   0.274967   0.741889   0.401227
      0.68   0.265624   0.745008   0.391621
      0.69   0.259137   0.750407    0.38524
       0.7   0.238079   0.747975   0.361192
      0.71   0.217457   0.744094   0.336557
      0.72    0.20395   0.744259   0.320165
      0.73   0.189718   0.759681   0.303613
      0.74   0.183763   0.767107   0.296499
      0.75      0.172   0.773154   0.281398
      0.76    0.16164   0.771137   0.267259
      0.77   0.134724   0.755034    0.22865
      0.78   0.123784   0.745387    0.21231
      0.79   0.108051   0.719048    0.18787
       0.8  0.0891707   0.681159   0.157697
      0.81  0.0671927   0.630952   0.121452
      0.82  0.0441497   0.561111  0.0818585
      0.83  0.0330639   0.555556  0.0624132
      0.84  0.0224621   0.490909  0.0429586
      0.85  0.0192187       0.48  0.0369576
      0.86   0.017137   0.453488  0.0330261
      0.87  0.0130706   0.416667  0.0253462
      0.88 0.00914944   0.396226  0.0178859
      0.89 0.00808443   0.395349  0.0158448
       0.9 0.00455052   0.242424 0.00893334
      0.91 0.00440529   0.241379 0.00865266
      0.92 0.00358232   0.214286 0.00704684
      0.93 0.00285617   0.208333 0.00563509
      0.94 0.00285617   0.238095 0.00564464
      0.95 0.00183957   0.230769 0.00365004
      0.96  0.0010166   0.333333 0.00202703
      0.97  0.0010166   0.333333 0.00202703
      0.98  0.0010166       0.25 0.00202497
      0.99          0          0          0
