         0          1   0.279386    0.43675
      0.01   0.938367    0.34938   0.509178
      0.02   0.938367   0.349454   0.509257
      0.03   0.938358   0.349707   0.509524
      0.04   0.938082   0.350712    0.51055
      0.05   0.937787   0.352008   0.511878
      0.06   0.936878   0.355275   0.515185
      0.07   0.935993   0.358256   0.518177
      0.08   0.933686   0.363994   0.523791
      0.09   0.931457   0.368433   0.528013
       0.1   0.926752   0.375805    0.53476
      0.11   0.920451   0.383863   0.541782
      0.12   0.914658   0.389549   0.546392
      0.13    0.90491   0.398329   0.553163
      0.14   0.897277   0.404327   0.557456
      0.15   0.884148   0.413827   0.563777
      0.16   0.874649   0.419979   0.567475
      0.17   0.858463   0.429395   0.572454
      0.18   0.847607   0.435883   0.575708
      0.19   0.829745   0.446015    0.58017
       0.2   0.816153   0.452812   0.582465
      0.21   0.795437   0.462753   0.585111
      0.22   0.772866   0.472366   0.586357
      0.23   0.758104   0.479147   0.587178
      0.24   0.735537   0.488855   0.587346
      0.25   0.720151   0.495336   0.586953
      0.26   0.695895   0.504955   0.585245
      0.27    0.68004   0.510878   0.583445
      0.28   0.654932   0.519043   0.579122
      0.29   0.638099   0.524828   0.575947
       0.3   0.613849   0.533613   0.570926
      0.31   0.588698    0.54202   0.564395
      0.32   0.571546   0.547597   0.559315
      0.33   0.546152   0.555141    0.55061
      0.34   0.529957   0.560055    0.54459
      0.35   0.504989   0.567621   0.534476
      0.36   0.489684    0.57313   0.528131
      0.37   0.467805   0.580207   0.517978
      0.38   0.452512   0.584555   0.510128
      0.39   0.430962   0.591228   0.498532
       0.4   0.416471   0.595824   0.490259
      0.41   0.394539   0.600744   0.476281
      0.42   0.374679   0.607012   0.463353
      0.43   0.360937   0.610534   0.453671
      0.44   0.342649   0.616438   0.440464
      0.45   0.330677   0.620301   0.431386
      0.46   0.313624    0.62591   0.417868
      0.47   0.303275   0.629669   0.409377
      0.48   0.287159   0.635267   0.395528
      0.49   0.277052   0.638895     0.3865
       0.5   0.261075   0.643946   0.371523
      0.51     0.2467   0.650373   0.357713
      0.52   0.237498   0.654062   0.348464
      0.53   0.223623   0.657789   0.333775
      0.54   0.214162   0.661044   0.323514
      0.55   0.201058   0.664984   0.308761
      0.56   0.192354   0.666575   0.298554
      0.57   0.179343   0.670101   0.282956
      0.58   0.171102   0.671957   0.272752
      0.59   0.159478   0.675985   0.258072
       0.6   0.152116   0.677704   0.248462
      0.61    0.14214   0.681948   0.235248
      0.62    0.13204   0.685061   0.221406
      0.63   0.125921   0.686135    0.21279
      0.64   0.117308   0.688392   0.200457
      0.65    0.11202   0.690981   0.192786
      0.66   0.103616   0.695614   0.180365
      0.67  0.0985145   0.698411   0.172673
      0.68  0.0907433   0.699503   0.160647
      0.69  0.0856368   0.700058   0.152606
       0.7   0.077652   0.698452   0.139765
      0.71   0.070789   0.696198   0.128511
      0.72  0.0660211   0.693786   0.120569
      0.73  0.0584899   0.686228   0.107792
      0.74  0.0544777   0.681865   0.100894
      0.75  0.0478853   0.672882  0.0894079
      0.76  0.0442605   0.666416   0.083008
      0.77  0.0387268   0.644747   0.073065
      0.78  0.0348967   0.626589  0.0661114
      0.79  0.0298013   0.603365  0.0567973
       0.8  0.0266668   0.585299  0.0510095
      0.81  0.0225651   0.555285  0.0433678
      0.82  0.0186291   0.525586  0.0359828
      0.83  0.0163835   0.511758  0.0317505
      0.84  0.0128533   0.481991   0.025039
      0.85  0.0107511   0.457036  0.0210081
      0.86 0.00820751   0.426222  0.0161049
      0.87 0.00665347   0.399252  0.0130888
      0.88 0.00466109   0.369892 0.00920617
      0.89 0.00381593   0.344681  0.0075483
       0.9 0.00254056   0.278549  0.0050352
      0.91 0.00157438   0.235453 0.00312784
      0.92 0.000805495   0.194888 0.00160436
      0.93 0.000669212   0.197368  0.0013339
      0.94 0.000597002    0.20915 0.00119061
      0.95 0.000523775   0.209169 0.00104493
      0.96 0.000438344   0.201893 0.000874789
      0.97 0.000321384   0.208494 0.00064178
      0.98 0.00027155   0.223301 0.000542439
      0.99 0.000206459   0.285714 0.00041262
