    119082       0.25   0.913697   0.687562   0.784661
     58060       0.27   0.507835   0.596741    0.54871
     42049        0.3   0.924004   0.768201    0.83893
     24077       0.02   0.892838   0.537531   0.671055
     78004       0.23    0.86763    0.60332   0.711729
     45096       0.17   0.812794   0.653655   0.724589
     38092       0.36   0.784944    0.65454   0.713835
     43074        0.2   0.750354   0.502991   0.602262
     16077       0.25   0.784017   0.426269   0.552269
     86000       0.26   0.762525   0.600903   0.672135
    101085       0.31   0.832825   0.624047   0.713477
     89072        0.2   0.799683   0.437051   0.565202
    126007       0.21    0.89084   0.643687    0.74736
     76053       0.16   0.743412   0.581758   0.652725
     86016       0.12   0.780031   0.570445   0.658975
    103070       0.17   0.824954   0.449009   0.581511
      8023       0.14   0.962715   0.207534   0.341459
     41033       0.36    0.69607   0.558483   0.619732
    109053       0.19   0.761655   0.374786   0.502371
    130026       0.48   0.373761   0.457169   0.411279
    108082       0.27   0.641902   0.249637   0.359474
     69040          0          1   0.319512   0.484288
     14037       0.19   0.789727    0.54506    0.64497
     54082       0.08    0.91121   0.583953   0.711767
     62096       0.52   0.700772   0.596491    0.64444
     12084       0.13   0.956448   0.315787   0.474808
     69015        0.2   0.831671   0.708351   0.765074
     97033   0.304949    0.85196   0.491618   0.623468
     19021       0.26   0.825845   0.708415   0.762636
     86068       0.22   0.746404   0.360175   0.485887
      3096        0.3   0.714882   0.738903   0.726694
     41069       0.26   0.799295     0.3795   0.514648
     21077       0.23   0.870517   0.594287   0.706356
    108070          0          1   0.230724    0.37494
    123074       0.25   0.688584   0.269433   0.387315
     38082       0.15   0.907435   0.453376   0.604653
     33039       0.42   0.639018   0.524985   0.576416
    108005       0.21   0.746453   0.451226   0.562453
    106024       0.22    0.82671   0.473675    0.60227
    102061       0.34   0.628651   0.498437   0.556022
     37073       0.01   0.986007   0.777024    0.86913
     65033   0.201919   0.797904   0.526234     0.6342
     55073       0.23   0.703548   0.526325   0.602168
     66053       0.19   0.813259   0.470776   0.596344
     85048   0.379394    0.75422   0.661869   0.705033
     42012       0.01   0.878574   0.480149   0.620945
     87046   0.157273   0.952376   0.409428   0.572666
    105025       0.43   0.517637   0.549815   0.533241
    101087       0.23   0.873288   0.735362   0.798412
     69020   0.243636   0.807912   0.510088   0.625351
